subjID,Region,ChaCo_mean,ChaCo_std
1003,1,0.042614,0.006431
1004,1,0.00022366,3.3564e-05
1006,1,9.0395e-05,4.6534e-06
1007,1,0,0
1008,1,0.66275,0.049501
1009,1,0,0
1010,1,0.001313,0.00011267
1011,1,9.0395e-05,4.6534e-06
1013,1,0,0
1014,1,0.012339,0.0023932
1015,1,0.00018079,9.3068e-06
1016,1,0.0011472,0.00048187
1017,1,0.00026653,7.6434e-05
1019,1,0,0
1020,1,0,0
1022,1,0,0
1023,1,0.0006095,0.0004194
1024,1,0.00041841,0.00024693
1025,1,0.0010419,9.8711e-05
1027,1,0.00022831,5.6831e-05
1029,1,0.0083572,0.0020981
1030,1,0,0
1031,1,0.00018079,9.3068e-06
1032,1,0.00026653,7.6434e-05
1033,1,0.15232,0.036741
1034,1,0,0
1035,1,0.0017594,0.00090197
1036,1,0.0060023,0.0018867
1037,1,0.0054665,0.00023633
1039,1,0.00017614,8.1088e-05
1040,1,0.018173,0.0060064
1041,1,0,0
1042,1,0,0
1043,1,0,0
1044,1,0,0
1045,1,0.0019933,0.00019277
1046,1,0.00058989,7.5444e-05
1047,1,0.0027836,0.00021732
1048,1,0.86148,0.041283
1049,1,0.0061897,0.00027356
1050,1,0.015733,0.011361
1051,1,0.34455,0.046767
1053,1,0.44436,0.015573
1054,1,0.90438,0.028615
1055,1,0.89222,0.065674
1056,1,0,0
1057,1,0.23935,0.075926
1058,1,0,0
1060,1,0.00018079,9.3068e-06
1003,2,0.00061747,0.00051825
1004,2,0.0011746,0.00051209
1006,2,0.00034726,0.00034726
1007,2,0,0
1008,2,0.012988,0.0043752
1009,2,0,0
1010,2,0,0
1011,2,0.00068308,0.00020986
1013,2,0,0
1014,2,0.0025339,0.00064103
1015,2,4.7322e-05,4.7322e-05
1016,2,0.010058,0.0054201
1017,2,0.00039001,0.00010608
1019,2,0.037511,0.013188
1020,2,0,0
1022,2,0,0
1023,2,0,0
1024,2,0.00073498,0.0003564
1025,2,0.00029308,0.00010379
1027,2,0.014059,0.006677
1029,2,9.693e-05,2.2865e-06
1030,2,0,0
1031,2,0.054279,0.029956
1032,2,0.00048465,1.1432e-05
1033,2,0.00014196,0.00014196
1034,2,0,0
1035,2,0.0032757,0.0012882
1036,2,0.0021622,0.0013104
1037,2,4.7322e-05,4.7322e-05
1039,2,0.00029308,0.00010379
1040,2,0.014684,0.0064495
1041,2,9.9216e-05,9.9216e-05
1042,2,0,0
1043,2,4.9608e-05,4.9608e-05
1044,2,0,0
1045,2,0.021202,0.0035033
1046,2,0,0
1047,2,0.00028393,0.00028393
1048,2,4.7322e-05,4.7322e-05
1049,2,0.026574,0.0053738
1050,2,0.00078916,0.00059987
1051,2,9.9216e-05,9.9216e-05
1053,2,0.00083648,0.00055255
1054,2,0.017134,0.0076699
1055,2,0.16217,0.075853
1056,2,0,0
1057,2,0,0
1058,2,0,0
1060,2,0.017479,0.0017686
1003,3,0.0004415,0.00014295
1004,3,0.008751,0.0012505
1006,3,0.017251,0.0066333
1007,3,0,0
1008,3,0.15326,0.07205
1009,3,0,0
1010,3,0.00032132,0.00012651
1011,3,0.005799,0.00024668
1013,3,0,0
1014,3,0.037375,0.0046459
1015,3,0,0
1016,3,0.010027,0.00087036
1017,3,0.093582,0.018048
1019,3,0.0013599,0.00058066
1020,3,0,0
1022,3,0,0
1023,3,0,0
1024,3,0.0033062,0.00039533
1025,3,0.00066225,0.00021443
1027,3,0.041876,0.0089521
1029,3,0.00067364,0.00030045
1030,3,0,0
1031,3,0.038156,0.00061292
1032,3,0.0008343,0.0002372
1033,3,0.00045289,0.00022897
1034,3,3.7319e-05,3.7319e-05
1035,3,0.018776,0.003093
1036,3,0.0071267,0.00011322
1037,3,4.8704e-05,4.8704e-05
1039,3,0.00038141,8.2228e-06
1040,3,0.13901,0.050642
1041,3,3.7319e-05,3.7319e-05
1042,3,0,0
1043,3,0,0
1044,3,0,0
1045,3,0.095615,0.0017129
1046,3,7.4638e-05,7.4638e-05
1047,3,0.00025807,3.4156e-05
1048,3,0.00017205,2.2771e-05
1049,3,0.2929,0.038566
1050,3,0.10882,0.021713
1051,3,0.00025807,3.4156e-05
1053,3,0.0049837,0.0022562
1054,3,0.53972,0.0061108
1055,3,0.049572,0.00098294
1056,3,0,0
1057,3,0,0
1058,3,0,0
1060,3,0.037423,0.0010898
1003,4,0.84125,0.013026
1004,4,0.0012008,0.0010698
1006,4,0,0
1007,4,0,0
1008,4,0.00076717,0.00050004
1009,4,0,0
1010,4,0.3191,0.05902
1011,4,0,0
1013,4,0,0
1014,4,0.053665,0.020062
1015,4,0.11689,0.069699
1016,4,0,0
1017,4,0.0016972,9.4394e-05
1019,4,0,0
1020,4,0,0
1022,4,0,0
1023,4,0,0
1024,4,0,0
1025,4,0,0
1027,4,0,0
1029,4,0,0
1030,4,0,0
1031,4,0,0
1032,4,0,0
1033,4,8.7393e-05,8.7393e-05
1034,4,0,0
1035,4,0.0035984,0.00040854
1036,4,0,0
1037,4,0.22379,0.034929
1039,4,0,0
1040,4,0,0
1041,4,0,0
1042,4,0,0
1043,4,0,0
1044,4,0,0
1045,4,0,0
1046,4,0,0
1047,4,0.00046253,6.1833e-05
1048,4,0.0065603,0.0012177
1049,4,0.0016848,0.0014177
1050,4,0,0
1051,4,0,0
1053,4,0.00085704,0.00032278
1054,4,0.013041,0.00084968
1055,4,0.0070175,0.0042126
1056,4,0,0
1057,4,2.1848e-05,2.1848e-05
1058,4,0,0
1060,4,0,0
1003,5,0.080349,0.0076461
1004,5,0,0
1006,5,0,0
1007,5,0,0
1008,5,0.0002532,1.3108e-05
1009,5,0,0
1010,5,0,0
1011,5,0,0
1013,5,0,0
1014,5,0,0
1015,5,0,0
1016,5,0,0
1017,5,0,0
1019,5,0,0
1020,5,0,0
1022,5,0,0
1023,5,0,0
1024,5,0,0
1025,5,0,0
1027,5,0,0
1029,5,0,0
1030,5,0,0
1031,5,0,0
1032,5,0,0
1033,5,0,0
1034,5,0,0
1035,5,0,0
1036,5,0,0
1037,5,0.12077,0.033016
1039,5,0,0
1040,5,6.0024e-05,6.0024e-05
1041,5,0,0
1042,5,0,0
1043,5,0,0
1044,5,0,0
1045,5,0,0
1046,5,0,0
1047,5,0.0012584,0.0011384
1048,5,0,0
1049,5,0,0
1050,5,0,0
1051,5,0,0
1053,5,0,0
1054,5,6.0024e-05,6.0024e-05
1055,5,0.00033289,0.00033289
1056,5,0,0
1057,5,0.086843,0.034646
1058,5,0,0
1060,5,0,0
1003,6,0.41611,0.028921
1004,6,0.00015038,0.00013671
1006,6,0,0
1007,6,0,0
1008,6,0.0065088,0.0030996
1009,6,0,0
1010,6,0.00010636,1.6647e-05
1011,6,0,0
1013,6,0,0
1014,6,0.014338,0.0015443
1015,6,0.093768,0.020973
1016,6,2.9473e-05,1.153e-05
1017,6,0.0018399,0.00058244
1019,6,0,0
1020,6,0,0
1022,6,0,0
1023,6,6.8339e-06,6.8339e-06
1024,6,0,0
1025,6,8.9715e-06,8.9715e-06
1027,6,0,0
1029,6,6.1084e-05,7.2548e-06
1030,6,0,0
1031,6,6.8339e-06,6.8339e-06
1032,6,0,0
1033,6,0.00019093,0.0001371
1034,6,0,0
1035,6,0.0027623,0.0012013
1036,6,3.3748e-05,2.0081e-05
1037,6,0.23238,0.0035142
1039,6,0,0
1040,6,7.4752e-05,2.0923e-05
1041,6,0,0
1042,6,0,0
1043,6,0,0
1044,6,0,0
1045,6,0,0
1046,6,0,0
1047,6,0.00031481,8.1553e-05
1048,6,0.14938,0.028495
1049,6,0.0014221,0.00024664
1050,6,0,0
1051,6,0.0050357,0.0011421
1053,6,0.0022998,0.00014668
1054,6,0.053708,0.011829
1055,6,0.018201,0.0016579
1056,6,0,0
1057,6,0.089829,0.0065014
1058,6,0,0
1060,6,0,0
1003,7,0.24027,0.0089934
1004,7,0.0029355,0.00028077
1006,7,0.00013612,8.2511e-05
1007,7,0,0
1008,7,0.37218,0.042298
1009,7,0,0
1010,7,0.0040473,0.00045554
1011,7,0.00037944,5.7812e-05
1013,7,0,0
1014,7,0.46288,0.0016075
1015,7,0.0088117,0.0019093
1016,7,0.0011446,0.00082301
1017,7,0.043166,0.029736
1019,7,0,0
1020,7,0,0
1022,7,0,0
1023,7,0.001832,0.0011351
1024,7,0.00068966,0.00015361
1025,7,0.00076309,0.00054867
1027,7,0.00047524,0.00036803
1029,7,0.0039366,0.0016852
1030,7,0,0
1031,7,0.00016292,5.5709e-05
1032,7,0.00018296,0.00012936
1033,7,0.13474,0.0050043
1034,7,0,0
1035,7,0.034106,0.010681
1036,7,0.01393,0.0016547
1037,7,0.015153,0.0046274
1039,7,0.0001205,6.6895e-05
1040,7,0.040312,0.0091113
1041,7,1.5616e-05,1.5616e-05
1042,7,0,0
1043,7,0,0
1044,7,0,0
1045,7,0.0076049,0.00042184
1046,7,0.047196,0.015683
1047,7,0.0025291,6.3232e-05
1048,7,0.54667,0.013573
1049,7,0.018212,0.00030839
1050,7,0.00027899,6.4569e-05
1051,7,0.0029735,0.00034999
1053,7,0.46947,0.016884
1054,7,0.61427,0.0096021
1055,7,0.21136,0.003484
1056,7,0,0
1057,7,0.047349,0.008057
1058,7,0,0
1060,7,0.0011185,0.00027523
1003,8,0.15272,0.014655
1004,8,0,0
1006,8,0,0
1007,8,0,0
1008,8,0.013002,0.00077929
1009,8,0,0
1010,8,0,0
1011,8,0,0
1013,8,0,0
1014,8,0.0041244,0.0019729
1015,8,0.0016258,0.00027185
1016,8,3.4102e-05,2.9929e-06
1017,8,2.4828e-05,6.2808e-06
1019,8,0,0
1020,8,0,0
1022,8,0,0
1023,8,0,0
1024,8,1.5555e-05,1.5555e-05
1025,8,5.5937e-05,3.739e-05
1027,8,1.5555e-05,1.5555e-05
1029,8,0.00013371,0.00011516
1030,8,0,0
1031,8,0,0
1032,8,2.4828e-05,6.2808e-06
1033,8,0.00029436,7.6592e-05
1034,8,0,0
1035,8,0.0001026,8.4053e-05
1036,8,8.7046e-05,6.8499e-05
1037,8,0.069892,0.0031212
1039,8,0,0
1040,8,0.0001708,7.8068e-05
1041,8,1.5555e-05,1.5555e-05
1042,8,0,0
1043,8,0,0
1044,8,0,0
1045,8,1.5555e-05,1.5555e-05
1046,8,0,0
1047,8,0.00029735,0.00011069
1048,8,0.26124,0.033889
1049,8,0.0034921,0.00011651
1050,8,1.5555e-05,1.5555e-05
1051,8,0.054387,0.01707
1053,8,0.007082,0.0017218
1054,8,0.13908,0.024121
1055,8,0.044914,0.0053894
1056,8,0,0
1057,8,0.073815,0.0062285
1058,8,0,0
1060,8,0,0
1003,9,0.58015,0.018763
1004,9,0.0015754,0.00084894
1006,9,4.8487e-05,4.8487e-05
1007,9,0,0
1008,9,0.0074398,0.0022091
1009,9,0,0
1010,9,0.00033941,0.00033941
1011,9,0.00031508,0.00016979
1013,9,0,0
1014,9,0.015338,0.0010991
1015,9,0.003247,0.00034107
1016,9,0.00092109,0.0006305
1017,9,0.0018904,0.00087335
1019,9,0.00047229,0.00032683
1020,9,0,0
1022,9,0,0
1023,9,8.4811e-05,1.2163e-05
1024,9,0.00060592,0.00031533
1025,9,0.00042422,0.00035157
1027,9,0.00064241,0.00056977
1029,9,0.00078779,0.00056985
1030,9,0,0
1031,9,0.00038765,4.8239e-05
1032,9,0.00021811,7.2814e-05
1033,9,0.00041198,0.00012138
1034,9,2.4244e-05,2.4244e-05
1035,9,0.0078763,0.0027909
1036,9,0.006532,0.0036988
1037,9,0.34566,0.015764
1039,9,4.8487e-05,4.8487e-05
1040,9,0.0048717,0.0026923
1041,9,0,0
1042,9,0,0
1043,9,0,0
1044,9,0,0
1045,9,0.0034657,0.0014315
1046,9,0.00067874,0.00053344
1047,9,0.20605,0.00027035
1048,9,0.0014173,0.00025361
1049,9,0.0039985,0.00094724
1050,9,0.00024235,9.7057e-05
1051,9,0,0
1053,9,0.015037,0.0046486
1054,9,0.0061795,0.00153
1055,9,0.0042047,0.0013714
1056,9,0,0
1057,9,0.00036349,7.2896e-05
1058,9,0,0
1060,9,0.0012964,0.00020669
1003,10,0.51753,0.012505
1004,10,0.0017835,0.00066966
1006,10,0,0
1007,10,0,0
1008,10,0.002124,0.0016522
1009,10,0,0
1010,10,0.051379,0.024103
1011,10,0,0
1013,10,0,0
1014,10,0.19657,0.021012
1015,10,0.17762,0.023774
1016,10,0,0
1017,10,0.044982,0.022433
1019,10,0,0
1020,10,0,0
1022,10,0,0
1023,10,6.7918e-05,6.7918e-05
1024,10,0,0
1025,10,0,0
1027,10,0,0
1029,10,2.7167e-05,2.7167e-05
1030,10,0,0
1031,10,0,0
1032,10,0,0
1033,10,0.00029526,0.00024808
1034,10,0,0
1035,10,0.020285,0.0013673
1036,10,5.0756e-05,3.579e-06
1037,10,0.15656,0.082719
1039,10,0,0
1040,10,5.0756e-05,3.579e-06
1041,10,0,0
1042,10,0,0
1043,10,0,0
1044,10,0,0
1045,10,2.7167e-05,2.7167e-05
1046,10,1.3584e-05,1.3584e-05
1047,10,0.0048606,0.0044803
1048,10,0.34174,0.080763
1049,10,0.0021861,0.0011011
1050,10,0,0
1051,10,0.00081998,0.00034821
1053,10,0.0059803,0.0051311
1054,10,0.27661,0.024593
1055,10,0.014798,0.0075332
1056,10,0,0
1057,10,0.0043088,0.0032709
1058,10,0,0
1060,10,0,0
1003,11,0,0
1004,11,0,0
1006,11,0,0
1007,11,0,0
1008,11,0.058678,0.021375
1009,11,0,0
1010,11,0,0
1011,11,0,0
1013,11,2.1028e-05,2.1028e-05
1014,11,0,0
1015,11,0,0
1016,11,0.0010993,0.00066703
1017,11,1.3509e-05,1.3509e-05
1019,11,0,0
1020,11,0,0
1022,11,0,0
1023,11,0,0
1024,11,0,0
1025,11,4.2056e-05,4.2056e-05
1027,11,0.0030548,0.0022137
1029,11,0,0
1030,11,0,0
1031,11,0.00058712,0.00012782
1032,11,0.00010514,0.00010514
1033,11,2.1028e-05,2.1028e-05
1034,11,3.4537e-05,7.5191e-06
1035,11,1.3509e-05,1.3509e-05
1036,11,0.00013662,5.2506e-05
1037,11,0,0
1039,11,0,0
1040,11,0.0049756,0.0034356
1041,11,0,0
1042,11,0,0
1043,11,0,0
1044,11,0,0
1045,11,0.00020569,3.7468e-05
1046,11,0,0
1047,11,2.1028e-05,2.1028e-05
1048,11,0,0
1049,11,5.4035e-05,5.4035e-05
1050,11,0,0
1051,11,0.00050607,0.00020888
1053,11,0,0
1054,11,0.26685,0.030536
1055,11,0.14297,0.00018494
1056,11,0,0
1057,11,0,0
1058,11,0,0
1060,11,2.7018e-05,2.7018e-05
1003,12,0.6928,0.0072885
1004,12,0.00018961,7.0357e-05
1006,12,0,0
1007,12,0,0
1008,12,0.0040783,0.0033356
1009,12,0,0
1010,12,0.0096955,0.0073186
1011,12,0,0
1013,12,0,0
1014,12,0.047443,0.022263
1015,12,0.090424,0.0183
1016,12,2.9815e-05,2.9815e-05
1017,12,0.0015781,0.00038966
1019,12,0,0
1020,12,0,0
1022,12,0,0
1023,12,6.9567e-05,6.9567e-05
1024,12,9.9382e-06,9.9382e-06
1025,12,0,0
1027,12,9.9382e-06,9.9382e-06
1029,12,0.00029815,0.00029815
1030,12,0,0
1031,12,0,0
1032,12,0,0
1033,12,0.00045324,0.00034182
1034,12,0,0
1035,12,0.0016628,0.00062295
1036,12,0.00015901,0.00015901
1037,12,0.60947,0.022665
1039,12,0,0
1040,12,7.9505e-05,7.9505e-05
1041,12,0,0
1042,12,0,0
1043,12,0,0
1044,12,0,0
1045,12,7.8199e-05,4.106e-05
1046,12,9.9382e-06,9.9382e-06
1047,12,0.022573,0.0081033
1048,12,0.023739,0.0092553
1049,12,0.00081441,0.0005173
1050,12,0,0
1051,12,0.00027906,1.9087e-05
1053,12,0.0039076,0.0028305
1054,12,0.051938,0.027389
1055,12,0.023712,0.004771
1056,12,0,0
1057,12,0.0016581,0.00076679
1058,12,0,0
1060,12,9.9382e-06,9.9382e-06
1003,13,0,0
1004,13,0,0
1006,13,0,0
1007,13,0,0
1008,13,0.0037826,0.0009757
1009,13,0,0
1010,13,0,0
1011,13,0,0
1013,13,0,0
1014,13,0,0
1015,13,0,0
1016,13,2.3787e-05,2.3787e-05
1017,13,0,0
1019,13,0,0
1020,13,0,0
1022,13,0,0
1023,13,0,0
1024,13,0,0
1025,13,0,0
1027,13,0.00010206,4.0662e-05
1029,13,0,0
1030,13,0,0
1031,13,0.00013428,0.00010359
1032,13,0,0
1033,13,0,0
1034,13,0,0
1035,13,0,0
1036,13,0,0
1037,13,0,0
1039,13,0,0
1040,13,0.00010744,0.00010744
1041,13,0,0
1042,13,0,0
1043,13,0,0
1044,13,0,0
1045,13,4.7574e-05,4.7574e-05
1046,13,0,0
1047,13,0,0
1048,13,0,0
1049,13,6.2923e-05,3.2225e-05
1050,13,0,0
1051,13,0,0
1053,13,0,0
1054,13,0.018884,0.0042316
1055,13,0.021918,0.0042679
1056,13,0,0
1057,13,0,0
1058,13,0,0
1060,13,3.9136e-05,8.4377e-06
1003,14,0.062103,0.0080346
1004,14,1.7517e-05,1.7517e-05
1006,14,0,0
1007,14,0,0
1008,14,0.13095,0.0041376
1009,14,0,0
1010,14,1.7517e-05,1.7517e-05
1011,14,0,0
1013,14,0,0
1014,14,0.017668,0.0052437
1015,14,0.00043636,0.00022928
1016,14,9.7938e-05,7.723e-05
1017,14,0.00010751,3.7444e-05
1019,14,0,0
1020,14,0,0
1022,14,0,0
1023,14,0,0
1024,14,0,0
1025,14,6.2904e-05,4.2197e-05
1027,14,1.7517e-05,1.7517e-05
1029,14,0.00043636,0.00022928
1030,14,0,0
1031,14,0,0
1032,14,0.0001051,0.0001051
1033,14,0.00073584,0.0001753
1034,14,0,0
1035,14,8.7584e-05,8.7584e-05
1036,14,0.00018155,9.8719e-05
1037,14,0.010291,0.0021112
1039,14,3.5034e-05,3.5034e-05
1040,14,0.00031771,0.00017276
1041,14,1.7517e-05,1.7517e-05
1042,14,0,0
1043,14,0,0
1044,14,0,0
1045,14,2.7871e-05,7.1629e-06
1046,14,0,0
1047,14,0.00062429,0.00025155
1048,14,0.33684,0.049647
1049,14,0.0024298,0.0014839
1050,14,0.0032623,0.0031572
1051,14,0.23692,0.020818
1053,14,0.082776,0.0074001
1054,14,0.44839,0.022116
1055,14,0.27053,0.018782
1056,14,0,0
1057,14,0.2086,0.0075249
1058,14,0,0
1060,14,0,0
1003,15,0.67329,0.034921
1004,15,0,0
1006,15,0,0
1007,15,0,0
1008,15,0.0037816,0.0026888
1009,15,0,0
1010,15,0,0
1011,15,0,0
1013,15,2.5474e-05,2.5474e-05
1014,15,0.00028688,0.0002226
1015,15,0.0046308,0.0044379
1016,15,0,0
1017,15,0,0
1019,15,0,0
1020,15,0,0
1022,15,0,0
1023,15,0,0
1024,15,0,0
1025,15,0,0
1027,15,0,0
1029,15,5.0948e-05,5.0948e-05
1030,15,0,0
1031,15,0,0
1032,15,0,0
1033,15,7.6421e-05,7.6421e-05
1034,15,0,0
1035,15,0,0
1036,15,0,0
1037,15,0.58003,0.0039824
1039,15,0,0
1040,15,2.5474e-05,2.5474e-05
1041,15,0,0
1042,15,0,0
1043,15,0,0
1044,15,0,0
1045,15,0,0
1046,15,0,0
1047,15,0.019667,0.0051468
1048,15,0.0062014,0.0024087
1049,15,0.00033236,7.5223e-05
1050,15,0,0
1051,15,0.0021955,0.001167
1053,15,0.0007266,0.00059804
1054,15,0.0033576,0.0016862
1055,15,0.0061397,0.0046612
1056,15,0,0
1057,15,0.18013,0.039152
1058,15,0,0
1060,15,0,0
1003,16,0.011372,0.0065529
1004,16,0.025923,0.0080052
1006,16,0.0008619,0.00034728
1007,16,0,0
1008,16,0.030979,0.020874
1009,16,2.3392e-05,2.3392e-05
1010,16,0.00072155,0.00048764
1011,16,0.0068888,0.0035671
1013,16,0,0
1014,16,0.074638,0.037959
1015,16,7.1129e-05,7.1129e-05
1016,16,0.0076416,3.0866e-05
1017,16,0.015805,0.0075248
1019,16,0.0001647,2.2438e-05
1020,16,0,0
1022,16,0,0
1023,16,3.5564e-05,3.5564e-05
1024,16,0.0078693,0.0023021
1025,16,0.0022234,0.00030292
1027,16,0.0068461,0.0010135
1029,16,0.0029843,0.0007855
1030,16,0,0
1031,16,0.0057469,0.0018639
1032,16,0.0011763,0.00018046
1033,16,0.00095833,0.00067763
1034,16,9.4521e-05,4.7737e-05
1035,16,0.052757,0.032313
1036,16,0.031162,0.0095948
1037,16,0.0004726,0.00023869
1039,16,0.00076452,0.00012436
1040,16,0.061264,0.024446
1041,16,8.2348e-05,1.1219e-05
1042,16,0,0
1043,16,2.3392e-05,2.3392e-05
1044,16,0,0
1045,16,0.040477,0.014933
1046,16,0.0045033,0.0025384
1047,16,0.0018885,0.00067213
1048,16,0.0024286,0.0021947
1049,16,0.011099,0.0063273
1050,16,0.002058,0.0013562
1051,16,0.00036686,0.0002733
1053,16,0.17171,0.061952
1054,16,0.015649,0.010456
1055,16,0.019713,0.0073156
1056,16,0,0
1057,16,0.00010669,0.00010669
1058,16,0,0
1060,16,0.031296,0.010243
1003,17,0,0
1004,17,0.00099707,0.00047607
1006,17,0.0020468,0.00037958
1007,17,0,0
1008,17,0.41263,0.0099002
1009,17,0,0
1010,17,5.21e-05,5.21e-05
1011,17,0.0010056,0.00064087
1013,17,0,0
1014,17,0.001933,0.0013599
1015,17,0,0
1016,17,0.0060018,0.00084395
1017,17,0.0032788,0.00010074
1019,17,0.00026023,2.6637e-07
1020,17,0,0
1022,17,0,0
1023,17,0,0
1024,17,0.00043354,0.00017304
1025,17,0.00015603,0.00010393
1027,17,0.16473,0.0025985
1029,17,0.00022541,0.00012121
1030,17,0,0
1031,17,0.044632,0.0062346
1032,17,0.00040749,0.00019909
1033,17,0.006547,0.0063737
1034,17,4.3328e-05,4.3328e-05
1035,17,0.0015186,0.00056539
1036,17,0.0028538,9.2497e-05
1037,17,4.3328e-05,4.3328e-05
1039,17,8.6655e-05,8.6655e-05
1040,17,0.028084,0.0032849
1041,17,0,0
1042,17,0,0
1043,17,0,0
1044,17,0,0
1045,17,0.046813,0.0025804
1046,17,2.605e-05,2.605e-05
1047,17,4.3328e-05,4.3328e-05
1048,17,5.21e-05,5.21e-05
1049,17,0.11053,0.01217
1050,17,0.040623,0.0008483
1051,17,0.0026191,0.00058718
1053,17,0.00039899,3.4289e-05
1054,17,0.77174,0.014997
1055,17,0.36143,0.019315
1056,17,0,0
1057,17,2.605e-05,2.605e-05
1058,17,0,0
1060,17,0.0090464,0.0009189
1003,18,0,0
1004,18,0,0
1006,18,0,0
1007,18,0,0
1008,18,0.031067,0.013624
1009,18,0,0
1010,18,0,0
1011,18,0,0
1013,18,0,0
1014,18,6.3662e-05,6.3662e-05
1015,18,0,0
1016,18,0,0
1017,18,0.0011823,0.00054566
1019,18,0,0
1020,18,0,0
1022,18,0,0
1023,18,0,0
1024,18,0,0
1025,18,0,0
1027,18,0.00035758,0.00027904
1029,18,0,0
1030,18,0,0
1031,18,6.3662e-05,6.3662e-05
1032,18,0,0
1033,18,0,0
1034,18,0,0
1035,18,0,0
1036,18,0,0
1037,18,0,0
1039,18,0,0
1040,18,3.9271e-05,3.9271e-05
1041,18,0,0
1042,18,0,0
1043,18,0,0
1044,18,0,0
1045,18,0,0
1046,18,0,0
1047,18,0,0
1048,18,0,0
1049,18,6.3662e-05,6.3662e-05
1050,18,0,0
1051,18,0,0
1053,18,0,0
1054,18,0.26849,0.048348
1055,18,0.037185,0.017323
1056,18,0,0
1057,18,0,0
1058,18,0,0
1060,18,0,0
1003,19,0,0
1004,19,0.0001321,0.0001321
1006,19,7.3376e-05,1.4691e-05
1007,19,0,0
1008,19,0.20332,0.01764
1009,19,0,0
1010,19,0,0
1011,19,0.0001321,0.0001321
1013,19,0,0
1014,19,0.00044033,0.00044033
1015,19,0,0
1016,19,0.0012182,0.00080737
1017,19,0.018255,0.00023881
1019,19,0.00011741,5.8724e-05
1020,19,0,0
1022,19,0,0
1023,19,0,0
1024,19,0,0
1025,19,4.4033e-05,4.4033e-05
1027,19,0.023129,0.0068141
1029,19,0,0
1030,19,0,0
1031,19,0.011829,0.0070171
1032,19,8.8067e-05,8.8067e-05
1033,19,0,0
1034,19,0,0
1035,19,0.00039626,0.00022021
1036,19,0.00035215,0.00017602
1037,19,0,0
1039,19,0,0
1040,19,0.0039477,0.0012482
1041,19,0,0
1042,19,0,0
1043,19,0,0
1044,19,0,0
1045,19,0.016128,0.0012215
1046,19,0,0
1047,19,0,0
1048,19,0,0
1049,19,0.011799,0.00088307
1050,19,0.00030823,0.00030823
1051,19,4.4033e-05,4.4033e-05
1053,19,8.8067e-05,8.8067e-05
1054,19,0.59208,0.020073
1055,19,0.33136,0.057539
1056,19,0,0
1057,19,0,0
1058,19,0,0
1060,19,0.0024509,0.0011598
1003,20,0.93232,0.014529
1004,20,0.002406,0.00073579
1006,20,0,0
1007,20,0,0
1008,20,0.0036264,0.0019246
1009,20,0,0
1010,20,0.15992,0.063835
1011,20,0,0
1013,20,0,0
1014,20,0.151,0.027419
1015,20,0.17278,0.0054843
1016,20,4.9123e-05,4.9123e-05
1017,20,0.016666,0.006324
1019,20,0,0
1020,20,0,0
1022,20,0,0
1023,20,0,0
1024,20,2.4562e-05,2.4562e-05
1025,20,7.3685e-05,7.3685e-05
1027,20,2.4562e-05,2.4562e-05
1029,20,0.00024562,0.00024562
1030,20,0,0
1031,20,2.4562e-05,2.4562e-05
1032,20,0,0
1033,20,0.00029474,0.00029474
1034,20,0,0
1035,20,0.01972,0.0095088
1036,20,0.00019649,0.00019649
1037,20,0.61985,0.13103
1039,20,0,0
1040,20,0.00022105,0.00022105
1041,20,0,0
1042,20,0,0
1043,20,0,0
1044,20,0,0
1045,20,4.9123e-05,4.9123e-05
1046,20,0,0
1047,20,0.017264,0.014808
1048,20,0.044816,0.019289
1049,20,0.0032577,0.00077043
1050,20,0,0
1051,20,0.00011458,1.633e-05
1053,20,0.004011,0.0017856
1054,20,0.10885,0.0451
1055,20,0.044549,0.0018728
1056,20,0,0
1057,20,0.0004911,9.8378e-05
1058,20,0,0
1060,20,0,0
1003,21,0.0018002,0.00067921
1004,21,0.046576,0.0029959
1006,21,0.050222,0.011506
1007,21,2.384e-05,2.384e-05
1008,21,0.38045,0.069941
1009,21,3.6295e-05,1.1385e-05
1010,21,0.0026734,0.00085495
1011,21,0.0047636,0.00052888
1013,21,0,0
1014,21,0.046318,0.012091
1015,21,0,0
1016,21,0.0058754,0.00072588
1017,21,0.0041106,0.0014203
1019,21,9.8571e-05,5.0891e-05
1020,21,0,0
1022,21,0,0
1023,21,1.2455e-05,1.2455e-05
1024,21,0.006266,0.0014583
1025,21,0.00089317,0.00017797
1027,21,0.0099861,0.00097448
1029,21,0.0014988,2.0719e-05
1030,21,0,0
1031,21,0.0077342,0.00060985
1032,21,0.00061634,0.00033026
1033,21,0.0094695,0.0024128
1034,21,4.875e-05,1.0701e-06
1035,21,0.074654,0.00034685
1036,21,0.019197,0.0050726
1037,21,6.1206e-05,1.3525e-05
1039,21,0.00030817,0.00016513
1040,21,0.67266,0.017105
1041,21,2.384e-05,2.384e-05
1042,21,0,0
1043,21,0,0
1044,21,0,0
1045,21,0.13203,0.010585
1046,21,0.026682,0.012378
1047,21,0.00019179,0.00014197
1048,21,0.035133,0.013835
1049,21,0.0078987,0.00022211
1050,21,0.36046,0.0072426
1051,21,0.018689,0.0071059
1053,21,0.27086,0.017921
1054,21,0.5118,0.016503
1055,21,0.073921,0.024873
1056,21,0,0
1057,21,0.0070298,0.0022618
1058,21,0,0
1060,21,0.011801,0.00097778
1003,22,0.017605,0.0074412
1004,22,0.008484,0.00019841
1006,22,0.00056902,4.8212e-05
1007,22,0,0
1008,22,0.011971,0.0027537
1009,22,2.3673e-05,2.3673e-05
1010,22,0.00027478,0.00015133
1011,22,0.0040152,0.0004353
1013,22,0,0
1014,22,0.020991,0.0067537
1015,22,2.3673e-05,2.3673e-05
1016,22,0.0074965,0.0026672
1017,22,0.0047889,0.00014897
1019,22,0.0074477,0.00053517
1020,22,0,0
1022,22,0,0
1023,22,2.0574e-05,2.0574e-05
1024,22,0.0044321,0.00072867
1025,22,0.0015526,0.00046367
1027,22,0.011481,0.0036211
1029,22,0.0018141,0.00012705
1030,22,0,0
1031,22,0.013579,0.0022633
1032,22,0.0011113,0.00016435
1033,22,0.00041682,0.00029337
1034,22,2.0574e-05,2.0574e-05
1035,22,0.0083092,0.00044981
1036,22,0.017367,3.8625e-05
1037,22,0.00037257,0.00029027
1039,22,0.00069247,0.00017166
1040,22,0.032034,0.0024899
1041,22,2.3673e-05,2.3673e-05
1042,22,0,0
1043,22,2.0574e-05,2.0574e-05
1044,22,0,0
1045,22,0.020375,0.0032982
1046,22,0.00081083,5.3293e-05
1047,22,0.0061791,0.003669
1048,22,0.00083984,0.00067524
1049,22,0.015618,0.0051666
1050,22,0.0012832,8.9862e-05
1051,22,0.00016571,0.00016571
1053,22,0.021352,0.0018475
1054,22,0.0085732,0.0026478
1055,22,0.020848,0.0025248
1056,22,0,0
1057,22,4.7346e-05,4.7346e-05
1058,22,0,0
1060,22,0.016136,0.0031334
1003,23,0.0014378,0.00074604
1004,23,0.052614,0.0039599
1006,23,0.050666,0.0072356
1007,23,2.3059e-05,2.3059e-05
1008,23,0.34807,0.051827
1009,23,2.3059e-05,2.3059e-05
1010,23,0.00065492,3.6849e-05
1011,23,0.010805,0.0030806
1013,23,0,0
1014,23,0.03629,0.010395
1015,23,0,0
1016,23,0.0091124,0.00048833
1017,23,0.0062923,0.0023779
1019,23,0.00036328,7.4844e-05
1020,23,0,0
1022,23,0,0
1023,23,0,0
1024,23,0.0072233,0.0025423
1025,23,0.0014747,9.1122e-05
1027,23,0.07412,0.0071626
1029,23,0.0018678,0.00064568
1030,23,0,0
1031,23,0.020481,0.0034176
1032,23,0.0010619,0.00011415
1033,23,0.014592,0.010266
1034,23,6.4264e-05,1.8146e-05
1035,23,0.022712,0.0028351
1036,23,0.016545,0.0043463
1037,23,6.672e-05,2.5516e-05
1039,23,0.00071427,6.862e-05
1040,23,0.31714,0.01569
1041,23,7.5793e-05,6.6163e-06
1042,23,0,0
1043,23,0,0
1044,23,0,0
1045,23,0.11333,0.011023
1046,23,0.0014567,0.00060353
1047,23,0.00025951,2.8922e-05
1048,23,0.00050012,0.00020036
1049,23,0.059475,0.0087106
1050,23,0.27003,0.0054549
1051,23,0.0097074,0.001384
1053,23,0.10754,0.00028388
1054,23,0.60059,0.0050557
1055,23,0.11465,0.0012931
1056,23,0,0
1057,23,0.0033453,0.0031804
1058,23,0,0
1060,23,0.03425,0.0052651
1003,24,0.52109,0.0058179
1004,24,0.0028053,0.00054701
1006,24,0.00013213,0.00013213
1007,24,0,0
1008,24,0.034094,0.00018875
1009,24,0,0
1010,24,0.012131,0.0039412
1011,24,0.00030187,3.7604e-05
1013,24,0,0
1014,24,0.13597,0.0094554
1015,24,0.0039089,0.0023713
1016,24,0.0015018,0.00078045
1017,24,0.0043756,0.00042922
1019,24,7.5663e-05,5.1639e-05
1020,24,0,0
1022,24,0,0
1023,24,0.00043322,0.00026348
1024,24,0.00069703,2.4353e-05
1025,24,0.00073991,0.00048531
1027,24,0.00089046,0.00055098
1029,24,0.0024263,0.0011533
1030,24,0,0
1031,24,0.0003379,1.5679e-06
1032,24,0.00035194,0.00022464
1033,24,0.0031609,0.00082706
1034,24,1.2012e-05,1.2012e-05
1035,24,0.045315,0.0072608
1036,24,0.0089746,0.00082724
1037,24,0.15957,0.004853
1039,24,0.00023743,0.000195
1040,24,0.0092387,0.00018165
1041,24,0,0
1042,24,0,0
1043,24,0,0
1044,24,0,0
1045,24,0.0054445,0.00022514
1046,24,0.0020738,0.0008966
1047,24,0.083999,0.021152
1048,24,0.027209,0.0025368
1049,24,0.044868,0.0045978
1050,24,0.00023743,0.000195
1051,24,0.00027582,0.00027582
1053,24,0.10816,0.044733
1054,24,0.065079,0.0011311
1055,24,0.02072,0.0018128
1056,24,0,0
1057,24,0.0015733,0.00097272
1058,24,0,0
1060,24,0.00091762,0.0001008
1003,25,0,0
1004,25,3.7696e-05,3.7696e-05
1006,25,0,0
1007,25,3.7696e-05,3.7696e-05
1008,25,0.0067898,0.0023417
1009,25,0,0
1010,25,0,0
1011,25,3.7696e-05,3.7696e-05
1013,25,0,0
1014,25,3.2381e-05,3.2381e-05
1015,25,0,0
1016,25,0.00046928,0.00024311
1017,25,7.0077e-05,5.3147e-06
1019,25,3.7696e-05,3.7696e-05
1020,25,0,0
1022,25,0,0
1023,25,0,0
1024,25,0,0
1025,25,3.7696e-05,3.7696e-05
1027,25,0.00064133,0.00018799
1029,25,0,0
1030,25,0,0
1031,25,0.0028795,0.00061771
1032,25,3.7696e-05,3.7696e-05
1033,25,0,0
1034,25,0,0
1035,25,0.00022618,0.00022618
1036,25,0.00036151,0.00028612
1037,25,0,0
1039,25,0,0
1040,25,0.0017699,0.0014683
1041,25,3.7696e-05,3.7696e-05
1042,25,0,0
1043,25,0,0
1044,25,0,0
1045,25,0.00072784,4.9312e-05
1046,25,0,0
1047,25,3.7696e-05,3.7696e-05
1048,25,0,0
1049,25,0.00082981,0.00037647
1050,25,3.7696e-05,3.7696e-05
1051,25,0,0
1053,25,0,0
1054,25,0.016067,0.0063412
1055,25,0.09758,0.02249
1056,25,0,0
1057,25,0,0
1058,25,0,0
1060,25,0.00091051,0.00052194
1003,26,8.8626e-05,8.8626e-05
1004,26,0.00037782,2.3316e-05
1006,26,0.00026404,2.77e-05
1007,26,0,0
1008,26,0.017068,0.0036116
1009,26,0,0
1010,26,3.6467e-05,3.6467e-05
1011,26,0.00033443,7.916e-05
1013,26,0,0
1014,26,0.0010755,0.00063792
1015,26,0,0
1016,26,0.0021021,0.00049758
1017,26,0.065512,0.012598
1019,26,0.00043252,7.8017e-05
1020,26,0,0
1022,26,0,0
1023,26,0,0
1024,26,7.7318e-05,4.0851e-05
1025,26,0.00014771,0.00014771
1027,26,0.0081804,0.0054089
1029,26,5.9084e-05,5.9084e-05
1030,26,0,0
1031,26,0.015474,0.0027832
1032,26,0.00016594,0.00012948
1033,26,5.9084e-05,5.9084e-05
1034,26,0,0
1035,26,0.017028,0.0092286
1036,26,0.00075126,0.00016042
1037,26,0,0
1039,26,5.9084e-05,5.9084e-05
1040,26,0.006519,0.00086656
1041,26,0,0
1042,26,0,0
1043,26,0,0
1044,26,0,0
1045,26,0.01865,0.0019115
1046,26,3.6467e-05,3.6467e-05
1047,26,0,0
1048,26,2.9542e-05,2.9542e-05
1049,26,0.083357,0.0056825
1050,26,0.00059408,6.2325e-05
1051,26,8.8626e-05,8.8626e-05
1053,26,0.00033005,3.4625e-05
1054,26,0.1693,0.0037412
1055,26,0.060882,0.011615
1056,26,0,0
1057,26,0,0
1058,26,0,0
1060,26,0.010192,0.00085711
1003,27,0.00047571,0.00037541
1004,27,0.0034059,0.00052233
1006,27,0.00060805,1.8814e-05
1007,27,0,0
1008,27,0.013204,0.00043689
1009,27,0,0
1010,27,2.5075e-05,2.5075e-05
1011,27,0.0023681,0.0005126
1013,27,0,0
1014,27,0.011006,0.0055904
1015,27,0,0
1016,27,0.006209,0.00061127
1017,27,0.0012105,0.00029394
1019,27,0.0034975,0.00046348
1020,27,0,0
1022,27,0,0
1023,27,0,0
1024,27,0.0010576,0.00048092
1025,27,0.0006474,0.00017098
1027,27,0.017476,0.0020574
1029,27,0.00029671,9.6114e-05
1030,27,0,0
1031,27,0.027271,0.0035707
1032,27,0.00064357,0.00014208
1033,27,0.00025422,0.00020407
1034,27,1.6368e-05,1.6368e-05
1035,27,0.014615,0.0072498
1036,27,0.0035762,0.00084307
1037,27,1.6368e-05,1.6368e-05
1039,27,0.00026676,0.00019154
1040,27,0.018501,0.0022529
1041,27,3.2735e-05,3.2735e-05
1042,27,0,0
1043,27,3.7612e-05,3.7612e-05
1044,27,0,0
1045,27,0.028448,0.0020943
1046,27,2.8905e-05,3.8304e-06
1047,27,0.00011074,8.5669e-05
1048,27,0.00011074,8.5669e-05
1049,27,0.051768,0.0029981
1050,27,0.001347,9.3313e-05
1051,27,0.00028313,0.0002079
1053,27,0.0025729,8.501e-05
1054,27,0.05038,0.0053359
1055,27,0.063756,0.014326
1056,27,0,0
1057,27,0,0
1058,27,0,0
1060,27,0.027826,0.0045819
1003,28,0.42718,0.027991
1004,28,0.0093657,0.0016658
1006,28,0.00025446,0.00015111
1007,28,1.3519e-05,1.3519e-05
1008,28,0.18109,0.012934
1009,28,0,0
1010,28,0.08132,0.042601
1011,28,0.00070571,0.00024062
1013,28,0,0
1014,28,0.38749,0.0018455
1015,28,0.030466,0.0082404
1016,28,0.0016608,0.00098896
1017,28,0.013564,0.0054529
1019,28,0,0
1020,28,0,0
1022,28,0,0
1023,28,0.00049061,7.7191e-05
1024,28,0.0017569,0.00056835
1025,28,0.00071171,0.000505
1027,28,0.0011996,0.0010446
1029,28,0.0023055,0.00029012
1030,28,0,0
1031,28,0.00036021,0.00015351
1032,28,0.00040317,0.00029982
1033,28,0.021463,0.0072516
1034,28,0,0
1035,28,0.12663,0.00033787
1036,28,0.01407,0.0034241
1037,28,0.0072707,0.0033231
1039,28,0.00035029,0.00029862
1040,28,0.14733,0.041182
1041,28,2.7038e-05,2.7038e-05
1042,28,0,0
1043,28,0,0
1044,28,0,0
1045,28,0.010452,0.0012016
1046,28,0.071793,0.024354
1047,28,0.0016392,3.7185e-05
1048,28,0.12999,0.02648
1049,28,0.05292,0.0042922
1050,28,0.00046477,0.00010303
1051,28,0.00018087,0.00018087
1053,28,0.36343,0.018259
1054,28,0.16425,0.021523
1055,28,0.014236,0.00028332
1056,28,0,0
1057,28,0.00086346,0.00037678
1058,28,0,0
1060,28,0.0025549,0.00079785
1003,29,0.052733,0.0036924
1004,29,0.00027683,0.00017474
1006,29,1.7016e-05,1.7016e-05
1007,29,0,0
1008,29,0.53314,0.011632
1009,29,2.2578e-05,2.2578e-05
1010,29,0.00084916,0.0001718
1011,29,3.9595e-05,5.5624e-06
1013,29,0,0
1014,29,0.0015494,0.00039233
1015,29,5.1048e-05,5.1048e-05
1016,29,0.0012997,0.00068716
1017,29,0.00026604,4.0252e-05
1019,29,0,0
1020,29,0,0
1022,29,0,0
1023,29,3.4032e-05,3.4032e-05
1024,29,8.4751e-05,5.0719e-05
1025,29,0.00079057,0.00065445
1027,29,0.00039627,8.0176e-05
1029,29,0.0036411,0.0011907
1030,29,0,0
1031,29,6.2173e-05,2.8141e-05
1032,29,0.00041787,0.0003498
1033,29,0.02661,0.0090894
1034,29,0,0
1035,29,0.00067245,0.00036616
1036,29,0.0025442,0.00084258
1037,29,0.0099265,0.0031078
1039,29,0.00022578,0.00022578
1040,29,0.11032,0.019958
1041,29,2.2578e-05,2.2578e-05
1042,29,0,0
1043,29,0,0
1044,29,0,0
1045,29,0.0088051,0.0026637
1046,29,0.0064828,0.0039991
1047,29,0.0021653,0.00076994
1048,29,0.3267,0.06115
1049,29,0.0012847,0.00011062
1050,29,0.03705,0.023323
1051,29,0.33967,0.0077214
1053,29,0.064266,0.018868
1054,29,0.65753,0.016208
1055,29,0.57525,0.026921
1056,29,0,0
1057,29,0.21133,0.021312
1058,29,0,0
1060,29,0.00017507,0.00014103
1003,30,0.0092535,0.0010343
1004,30,0.015946,0.0026122
1006,30,0.012023,0.0085526
1007,30,0,0
1008,30,0.68007,0.030679
1009,30,4.962e-05,4.962e-05
1010,30,0.01256,0.00087043
1011,30,0.0040507,0.00058042
1013,30,0,0
1014,30,0.017134,0.0050271
1015,30,1.654e-05,1.654e-05
1016,30,0.0074189,0.0041921
1017,30,0.0052374,0.0017641
1019,30,9.9239e-05,9.9239e-05
1020,30,0,0
1022,30,0,0
1023,30,0.0004413,0.00031953
1024,30,0.010324,0.0016178
1025,30,0.0023719,0.0017631
1027,30,0.0055782,0.0033864
1029,30,0.0067151,0.0025142
1030,30,0,0
1031,30,0.0033645,0.0012336
1032,30,0.0011942,0.0008898
1033,30,0.11448,0.0074499
1034,30,1.654e-05,1.654e-05
1035,30,0.025889,0.0011704
1036,30,0.061844,0.0027272
1037,30,0.00060142,0.00035789
1039,30,0.00076946,0.00058681
1040,30,0.59106,0.032888
1041,30,1.654e-05,1.654e-05
1042,30,0,0
1043,30,0,0
1044,30,0,0
1045,30,0.094724,0.0023649
1046,30,0.078689,0.010196
1047,30,0.0010878,0.00023541
1048,30,0.3354,0.089192
1049,30,0.0080418,0.0020144
1050,30,0.13865,0.023403
1051,30,0.0014466,0.0010496
1053,30,0.44414,0.00054445
1054,30,0.61691,0.064976
1055,30,0.27523,0.048001
1056,30,0,0
1057,30,0.0010389,0.00017879
1058,30,0,0
1060,30,0.010354,0.00043005
1003,31,0,0
1004,31,0,0
1006,31,0,0
1007,31,0,0
1008,31,0.00014061,0.00014061
1009,31,0,0
1010,31,0,0
1011,31,0,0
1013,31,0,0
1014,31,0,0
1015,31,0,0
1016,31,0,0
1017,31,0,0
1019,31,0,0
1020,31,0,0
1022,31,0,0
1023,31,0,0
1024,31,0,0
1025,31,0,0
1027,31,7.0304e-05,7.0304e-05
1029,31,0,0
1030,31,0,0
1031,31,0,0
1032,31,0,0
1033,31,0,0
1034,31,0,0
1035,31,0,0
1036,31,0,0
1037,31,0,0
1039,31,0,0
1040,31,0,0
1041,31,0,0
1042,31,0,0
1043,31,0,0
1044,31,0,0
1045,31,0,0
1046,31,0,0
1047,31,0,0
1048,31,0,0
1049,31,0,0
1050,31,0,0
1051,31,0,0
1053,31,0,0
1054,31,0.00087033,0.00067635
1055,31,0.00065942,0.00046544
1056,31,0,0
1057,31,0,0
1058,31,0,0
1060,31,0,0
1003,32,0.0060799,0.0043728
1004,32,0,0
1006,32,0,0
1007,32,0,0
1008,32,0.0056035,0.0037856
1009,32,0,0
1010,32,0,0
1011,32,0,0
1013,32,0,0
1014,32,0,0
1015,32,0,0
1016,32,6.0968e-05,6.0968e-05
1017,32,0,0
1019,32,0,0
1020,32,0,0
1022,32,0,0
1023,32,0,0
1024,32,0,0
1025,32,0,0
1027,32,0,0
1029,32,0,0
1030,32,0,0
1031,32,0,0
1032,32,0,0
1033,32,0,0
1034,32,0,0
1035,32,0,0
1036,32,0,0
1037,32,0.0041567,0.0022057
1039,32,0,0
1040,32,0.0066289,0.0061744
1041,32,0,0
1042,32,0,0
1043,32,0,0
1044,32,0,0
1045,32,0,0
1046,32,0,0
1047,32,0,0
1048,32,0,0
1049,32,4.5446e-05,4.5446e-05
1050,32,0,0
1051,32,0.0010641,0.00015522
1053,32,0,0
1054,32,0.017901,0.015265
1055,32,0.0024775,0.00020514
1056,32,0,0
1057,32,0.0029252,0.0024375
1058,32,0,0
1060,32,0,0
1003,33,0.043751,0.01317
1004,33,0.0018386,0.0011665
1006,33,0.00031243,0.00013565
1007,33,5.601e-05,5.601e-05
1008,33,0.82294,0.025164
1009,33,0,0
1010,33,0.0018062,0.0010221
1011,33,0.00058633,0.00047431
1013,33,0,0
1014,33,0.01233,0.002696
1015,33,0.00011202,0.00011202
1016,33,0.0029439,0.00059151
1017,33,0.00052157,0.00018551
1019,33,0,0
1020,33,0,0
1022,33,0,0
1023,33,0.00016803,0.00016803
1024,33,0.0016706,0.0013345
1025,33,0.002817,0.0012487
1027,33,0.0010755,0.00051543
1029,33,0.024768,0.0074047
1030,33,0,0
1031,33,0.00026516,0.00026516
1032,33,0.0009635,0.00062745
1033,33,0.0072855,0.001452
1034,33,0,0
1035,33,0.0061731,0.0033726
1036,33,0.030131,0.0071674
1037,33,0.0042347,0.0005381
1039,33,0.00069835,0.00036229
1040,33,0.37474,0.070872
1041,33,0.00020041,2.3634e-05
1042,33,0,0
1043,33,0,0
1044,33,0,0
1045,33,0.010286,0.0070375
1046,33,0.00044193,0.00044193
1047,33,0.0037867,0.00098618
1048,33,0.29164,0.062786
1049,33,0.0048745,0.00027842
1050,33,0.099715,0.015364
1051,33,0.17948,0.048198
1053,33,0.026865,0.0017723
1054,33,0.91302,0.010257
1055,33,0.84293,0.0023746
1056,33,0,0
1057,33,0.10068,0.0032764
1058,33,0,0
1060,33,0.0014614,0.0010134
1003,34,0.033966,0.0066155
1004,34,0.0098493,0.002004
1006,34,0.0044263,0.00039425
1007,34,3.1507e-05,3.1507e-05
1008,34,0.65946,0.020939
1009,34,8.0086e-05,1.7072e-05
1010,34,0.0016319,0.0002141
1011,34,0.0064326,0.0026517
1013,34,2.429e-05,2.429e-05
1014,34,0.0084827,0.0036621
1015,34,0,0
1016,34,0.078077,0.016916
1017,34,0.0024229,0.00024893
1019,34,0.00035907,1.9015e-05
1020,34,0,0
1022,34,0,0
1023,34,6.3014e-05,6.3014e-05
1024,34,0.017184,0.0017137
1025,34,0.0062222,0.0021902
1027,34,0.15796,0.0075473
1029,34,0.017348,0.00033451
1030,34,0,0
1031,34,0.06577,0.00023698
1032,34,0.0029197,0.0013652
1033,34,0.039843,0.0073275
1034,34,6.4333e-05,3.2826e-05
1035,34,0.0062526,0.00118
1036,34,0.046444,0.0036893
1037,34,0.0046816,0.0021555
1039,34,0.0018563,0.00088476
1040,34,0.30851,0.034995
1041,34,0.0001431,4.5942e-05
1042,34,0,0
1043,34,0,0
1044,34,0,0
1045,34,0.073617,0.010036
1046,34,0.00078969,6.1001e-05
1047,34,0.0021078,0.00060182
1048,34,0.010927,0.0032513
1049,34,0.01839,0.0023531
1050,34,0.059189,0.0043038
1051,34,0.1308,0.020525
1053,34,0.014009,0.00035823
1054,34,0.66161,0.045994
1055,34,0.64651,0.027716
1056,34,0,0
1057,34,0.0074832,0.0028196
1058,34,0,0
1060,34,0.012407,0.0033328
1003,35,0,0
1004,35,0,0
1006,35,0,0
1007,35,0,0
1008,35,0,0
1009,35,0,0
1010,35,0,0
1011,35,0,0
1013,35,0,0
1014,35,0,0
1015,35,0.0046894,0.003101
1016,35,0,0
1017,35,0,0
1019,35,0,0
1020,35,0,0
1022,35,0,0
1023,35,0,0
1024,35,0,0
1025,35,0,0
1027,35,0,0
1029,35,0,0
1030,35,0,0
1031,35,0,0
1032,35,0,0
1033,35,0,0
1034,35,0,0
1035,35,0,0
1036,35,0,0
1037,35,0,0
1039,35,0,0
1040,35,0,0
1041,35,0,0
1042,35,0,0
1043,35,0,0
1044,35,0,0
1045,35,0,0
1046,35,0,0
1047,35,0,0
1048,35,0,0
1049,35,0,0
1050,35,0,0
1051,35,0,0
1053,35,0,0
1054,35,0,0
1055,35,0,0
1056,35,0,0
1057,35,0,0
1058,35,0,0
1060,35,0,0
1003,36,0,0
1004,36,0,0
1006,36,0,0
1007,36,0,0
1008,36,0,0
1009,36,0,0
1010,36,0,0
1011,36,0,0
1013,36,0,0
1014,36,0,0
1015,36,0,0
1016,36,5.7924e-05,5.7924e-05
1017,36,0,0
1019,36,0.00077538,0.00061479
1020,36,0,0
1022,36,0,0
1023,36,0,0
1024,36,0,0
1025,36,0,0
1027,36,0,0
1029,36,0,0
1030,36,0,0
1031,36,0.00011585,0.00011585
1032,36,0,0
1033,36,0,0
1034,36,0,0
1035,36,0,0
1036,36,0,0
1037,36,0,0
1039,36,0,0
1040,36,0,0
1041,36,0,0
1042,36,0,0
1043,36,0,0
1044,36,0,0
1045,36,0,0
1046,36,0,0
1047,36,0,0
1048,36,0,0
1049,36,0,0
1050,36,0,0
1051,36,0,0
1053,36,0,0
1054,36,0,0
1055,36,0.0019574,0.00045142
1056,36,0,0
1057,36,0,0
1058,36,0,0
1060,36,0,0
1003,37,0,0
1004,37,0,0
1006,37,0,0
1007,37,0,0
1008,37,0,0
1009,37,0,0
1010,37,0,0
1011,37,0,0
1013,37,0,0
1014,37,0,0
1015,37,0,0
1016,37,0,0
1017,37,0,0
1019,37,3.388e-05,3.388e-05
1020,37,0,0
1022,37,0,0
1023,37,0,0
1024,37,0,0
1025,37,0,0
1027,37,0,0
1029,37,0,0
1030,37,0,0
1031,37,0,0
1032,37,0,0
1033,37,0,0
1034,37,0,0
1035,37,0,0
1036,37,0,0
1037,37,0,0
1039,37,0,0
1040,37,0,0
1041,37,0,0
1042,37,0,0
1043,37,0,0
1044,37,0,0
1045,37,0,0
1046,37,0,0
1047,37,0,0
1048,37,0,0
1049,37,0,0
1050,37,0,0
1051,37,0,0
1053,37,0,0
1054,37,0,0
1055,37,3.388e-05,3.388e-05
1056,37,0,0
1057,37,0,0
1058,37,0,0
1060,37,0,0
1003,38,0.028374,0.020181
1004,38,0,0
1006,38,0,0
1007,38,0,0
1008,38,0,0
1009,38,0,0
1010,38,0.096296,0.031456
1011,38,0,0
1013,38,0,0
1014,38,0,0
1015,38,0.01911,0.0082003
1016,38,0,0
1017,38,0,0
1019,38,0,0
1020,38,0,0
1022,38,0,0
1023,38,0,0
1024,38,0,0
1025,38,0,0
1027,38,0,0
1029,38,0,0
1030,38,0,0
1031,38,0,0
1032,38,0,0
1033,38,0,0
1034,38,0,0
1035,38,0,0
1036,38,0,0
1037,38,0.0090968,0.0084801
1039,38,0,0
1040,38,0,0
1041,38,0,0
1042,38,0,0
1043,38,0,0
1044,38,0,0
1045,38,0,0
1046,38,0,0
1047,38,3.3672e-05,3.3672e-05
1048,38,3.3672e-05,3.3672e-05
1049,38,0,0
1050,38,0,0
1051,38,0,0
1053,38,0,0
1054,38,3.3672e-05,3.3672e-05
1055,38,0,0
1056,38,0,0
1057,38,0,0
1058,38,0,0
1060,38,0,0
1003,39,0,0
1004,39,0,0
1006,39,0,0
1007,39,0,0
1008,39,0,0
1009,39,0,0
1010,39,0,0
1011,39,0,0
1013,39,0,0
1014,39,0,0
1015,39,0,0
1016,39,0,0
1017,39,0,0
1019,39,0,0
1020,39,0,0
1022,39,0,0
1023,39,0,0
1024,39,0,0
1025,39,0,0
1027,39,0,0
1029,39,0,0
1030,39,0,0
1031,39,0,0
1032,39,0,0
1033,39,0,0
1034,39,0,0
1035,39,0,0
1036,39,0,0
1037,39,0,0
1039,39,0,0
1040,39,0,0
1041,39,0,0
1042,39,0,0
1043,39,0,0
1044,39,0,0
1045,39,0,0
1046,39,0,0
1047,39,0,0
1048,39,0,0
1049,39,0,0
1050,39,0,0
1051,39,0,0
1053,39,0,0
1054,39,0,0
1055,39,0,0
1056,39,0,0
1057,39,0,0
1058,39,0,0
1060,39,0,0
1003,40,0,0
1004,40,0,0
1006,40,0,0
1007,40,0,0
1008,40,0,0
1009,40,0,0
1010,40,0,0
1011,40,0,0
1013,40,0,0
1014,40,0,0
1015,40,0.055578,0.01664
1016,40,0,0
1017,40,0,0
1019,40,0,0
1020,40,0,0
1022,40,0,0
1023,40,0,0
1024,40,0,0
1025,40,0,0
1027,40,0,0
1029,40,0,0
1030,40,0,0
1031,40,0,0
1032,40,0,0
1033,40,0,0
1034,40,0,0
1035,40,0,0
1036,40,0,0
1037,40,0,0
1039,40,0,0
1040,40,0,0
1041,40,0,0
1042,40,0,0
1043,40,0,0
1044,40,0,0
1045,40,0,0
1046,40,0,0
1047,40,0,0
1048,40,0,0
1049,40,0,0
1050,40,0,0
1051,40,0,0
1053,40,0,0
1054,40,0,0
1055,40,0,0
1056,40,0,0
1057,40,0,0
1058,40,0,0
1060,40,0,0
1003,41,2.91e-05,2.91e-05
1004,41,0,0
1006,41,0,0
1007,41,0,0
1008,41,0,0
1009,41,0,0
1010,41,1.4765e-05,1.4765e-05
1011,41,0,0
1013,41,0,0
1014,41,2.91e-05,2.91e-05
1015,41,0.010599,0.002335
1016,41,0,0
1017,41,0,0
1019,41,0,0
1020,41,0,0
1022,41,0,0
1023,41,0,0
1024,41,0,0
1025,41,0,0
1027,41,0,0
1029,41,0,0
1030,41,0,0
1031,41,0,0
1032,41,0,0
1033,41,0,0
1034,41,0,0
1035,41,0,0
1036,41,0,0
1037,41,0,0
1039,41,0,0
1040,41,0,0
1041,41,0,0
1042,41,0,0
1043,41,0,0
1044,41,0,0
1045,41,0,0
1046,41,0,0
1047,41,2.91e-05,2.91e-05
1048,41,0,0
1049,41,0,0
1050,41,0,0
1051,41,0,0
1053,41,0,0
1054,41,0,0
1055,41,0,0
1056,41,0,0
1057,41,0,0
1058,41,0,0
1060,41,0,0
1003,42,0,0
1004,42,0,0
1006,42,0,0
1007,42,0,0
1008,42,0,0
1009,42,0,0
1010,42,0,0
1011,42,0,0
1013,42,0,0
1014,42,0,0
1015,42,0.018602,0.0057724
1016,42,0,0
1017,42,0,0
1019,42,0,0
1020,42,0,0
1022,42,0,0
1023,42,0,0
1024,42,0,0
1025,42,0,0
1027,42,0,0
1029,42,0,0
1030,42,0,0
1031,42,0,0
1032,42,0,0
1033,42,0,0
1034,42,0,0
1035,42,0,0
1036,42,0,0
1037,42,0,0
1039,42,0,0
1040,42,0,0
1041,42,0,0
1042,42,0,0
1043,42,0,0
1044,42,0,0
1045,42,0,0
1046,42,0,0
1047,42,0,0
1048,42,0,0
1049,42,0,0
1050,42,0,0
1051,42,0,0
1053,42,0,0
1054,42,0,0
1055,42,0,0
1056,42,0,0
1057,42,0,0
1058,42,0,0
1060,42,0,0
1003,43,0.0075717,0.001511
1004,43,0,0
1006,43,0,0
1007,43,0,0
1008,43,0,0
1009,43,0,0
1010,43,0,0
1011,43,0,0
1013,43,0,0
1014,43,0,0
1015,43,0.0007947,0.00037383
1016,43,0,0
1017,43,0,0
1019,43,4.2088e-05,4.2088e-05
1020,43,0,0
1022,43,0,0
1023,43,0,0
1024,43,0,0
1025,43,0,0
1027,43,0,0
1029,43,0,0
1030,43,0,0
1031,43,0,0
1032,43,0,0
1033,43,0,0
1034,43,0,0
1035,43,0,0
1036,43,0,0
1037,43,0.00031869,0.00031869
1039,43,0,0
1040,43,0,0
1041,43,0,0
1042,43,0,0
1043,43,0,0
1044,43,0,0
1045,43,0,0
1046,43,0,0
1047,43,0.0022513,0.0009887
1048,43,0,0
1049,43,0,0
1050,43,0,0
1051,43,0,0
1053,43,0,0
1054,43,0,0
1055,43,0,0
1056,43,0,0
1057,43,0,0
1058,43,0,0
1060,43,0,0
1003,44,0,0
1004,44,0,0
1006,44,0,0
1007,44,0,0
1008,44,0,0
1009,44,0,0
1010,44,0.00010879,2.074e-06
1011,44,0,0
1013,44,0,0
1014,44,0,0
1015,44,0.07578,0.023007
1016,44,0,0
1017,44,0,0
1019,44,0,0
1020,44,0,0
1022,44,0,0
1023,44,0,0
1024,44,0,0
1025,44,0,0
1027,44,0,0
1029,44,0,0
1030,44,0,0
1031,44,0,0
1032,44,0,0
1033,44,0,0
1034,44,0,0
1035,44,0,0
1036,44,0,0
1037,44,0.00015244,0.00015244
1039,44,0,0
1040,44,0,0
1041,44,0,0
1042,44,0,0
1043,44,0,0
1044,44,0,0
1045,44,0,0
1046,44,0,0
1047,44,0,0
1048,44,0,0
1049,44,0,0
1050,44,0,0
1051,44,0,0
1053,44,0,0
1054,44,0,0
1055,44,0,0
1056,44,0,0
1057,44,0,0
1058,44,0,0
1060,44,0,0
1003,45,0,0
1004,45,0,0
1006,45,0,0
1007,45,0,0
1008,45,0,0
1009,45,0,0
1010,45,0,0
1011,45,0,0
1013,45,0,0
1014,45,0,0
1015,45,0,0
1016,45,0,0
1017,45,0,0
1019,45,0,0
1020,45,0,0
1022,45,0,0
1023,45,0,0
1024,45,0,0
1025,45,0,0
1027,45,0,0
1029,45,0,0
1030,45,0,0
1031,45,0,0
1032,45,0,0
1033,45,0,0
1034,45,0,0
1035,45,0,0
1036,45,0,0
1037,45,0,0
1039,45,0,0
1040,45,0,0
1041,45,0,0
1042,45,0,0
1043,45,0,0
1044,45,0,0
1045,45,0,0
1046,45,0,0
1047,45,0,0
1048,45,0,0
1049,45,0,0
1050,45,0,0
1051,45,0,0
1053,45,0,0
1054,45,0,0
1055,45,5.6747e-05,1.185e-05
1056,45,0,0
1057,45,0,0
1058,45,0,0
1060,45,0,0
1003,46,0.01229,0.0020298
1004,46,0,0
1006,46,0,0
1007,46,0,0
1008,46,0,0
1009,46,0,0
1010,46,0.0072826,0.0022393
1011,46,0,0
1013,46,0,0
1014,46,3.4701e-05,3.4701e-05
1015,46,0.080602,0.0056009
1016,46,0,0
1017,46,0,0
1019,46,0,0
1020,46,0,0
1022,46,0,0
1023,46,0,0
1024,46,0,0
1025,46,0,0
1027,46,0,0
1029,46,0,0
1030,46,0,0
1031,46,0,0
1032,46,0,0
1033,46,0,0
1034,46,0,0
1035,46,0,0
1036,46,0,0
1037,46,0.02756,0.017066
1039,46,0,0
1040,46,0,0
1041,46,0,0
1042,46,0,0
1043,46,0,0
1044,46,0,0
1045,46,0,0
1046,46,0,0
1047,46,0.0028159,0.0015333
1048,46,0,0
1049,46,0,0
1050,46,0,0
1051,46,0,0
1053,46,0,0
1054,46,0,0
1055,46,3.1e-05,7.8655e-06
1056,46,0,0
1057,46,0,0
1058,46,0,0
1060,46,0,0
1003,47,0,0
1004,47,0,0
1006,47,0,0
1007,47,0,0
1008,47,0,0
1009,47,0,0
1010,47,0,0
1011,47,0,0
1013,47,0,0
1014,47,0,0
1015,47,0,0
1016,47,0,0
1017,47,0,0
1019,47,0,0
1020,47,0,0
1022,47,0,0
1023,47,0,0
1024,47,0,0
1025,47,0,0
1027,47,0,0
1029,47,0,0
1030,47,0,0
1031,47,0,0
1032,47,0,0
1033,47,0,0
1034,47,0,0
1035,47,0,0
1036,47,0,0
1037,47,0,0
1039,47,0,0
1040,47,0,0
1041,47,0,0
1042,47,0,0
1043,47,0,0
1044,47,0,0
1045,47,0,0
1046,47,0,0
1047,47,0,0
1048,47,0,0
1049,47,0,0
1050,47,0,0
1051,47,0,0
1053,47,0,0
1054,47,2.8234e-05,2.8234e-05
1055,47,2.1821e-05,2.1821e-05
1056,47,0,0
1057,47,0,0
1058,47,0,0
1060,47,0,0
1003,48,0,0
1004,48,0,0
1006,48,0,0
1007,48,0,0
1008,48,0,0
1009,48,0,0
1010,48,0,0
1011,48,0,0
1013,48,0,0
1014,48,0,0
1015,48,0.00063739,0.0003822
1016,48,0,0
1017,48,0,0
1019,48,0,0
1020,48,0,0
1022,48,0,0
1023,48,0,0
1024,48,0,0
1025,48,0,0
1027,48,0,0
1029,48,0,0
1030,48,0,0
1031,48,0,0
1032,48,0,0
1033,48,0,0
1034,48,0,0
1035,48,0,0
1036,48,0,0
1037,48,0,0
1039,48,0,0
1040,48,0,0
1041,48,0,0
1042,48,0,0
1043,48,0,0
1044,48,0,0
1045,48,0,0
1046,48,0,0
1047,48,0,0
1048,48,0,0
1049,48,0,0
1050,48,0,0
1051,48,0,0
1053,48,0,0
1054,48,0,0
1055,48,0,0
1056,48,0,0
1057,48,0,0
1058,48,0,0
1060,48,0,0
1003,49,0,0
1004,49,0,0
1006,49,0,0
1007,49,0,0
1008,49,0,0
1009,49,0,0
1010,49,0,0
1011,49,0,0
1013,49,0,0
1014,49,0,0
1015,49,0.00021602,2.9782e-05
1016,49,0,0
1017,49,0,0
1019,49,0,0
1020,49,0,0
1022,49,0,0
1023,49,0,0
1024,49,0,0
1025,49,0,0
1027,49,0,0
1029,49,0,0
1030,49,0,0
1031,49,0,0
1032,49,0,0
1033,49,0,0
1034,49,0,0
1035,49,0,0
1036,49,0,0
1037,49,0,0
1039,49,0,0
1040,49,0,0
1041,49,0,0
1042,49,0,0
1043,49,0,0
1044,49,0,0
1045,49,0,0
1046,49,0,0
1047,49,0,0
1048,49,0,0
1049,49,0,0
1050,49,0,0
1051,49,0,0
1053,49,0,0
1054,49,0,0
1055,49,0,0
1056,49,0,0
1057,49,0,0
1058,49,0,0
1060,49,0,0
1003,50,0,0
1004,50,0,0
1006,50,0,0
1007,50,0,0
1008,50,0,0
1009,50,0,0
1010,50,0,0
1011,50,0,0
1013,50,0,0
1014,50,0,0
1015,50,0,0
1016,50,0,0
1017,50,0,0
1019,50,4.4185e-05,4.4185e-05
1020,50,0,0
1022,50,0,0
1023,50,0,0
1024,50,0,0
1025,50,0,0
1027,50,0,0
1029,50,0,0
1030,50,0,0
1031,50,0,0
1032,50,0,0
1033,50,0,0
1034,50,0,0
1035,50,0,0
1036,50,0,0
1037,50,0,0
1039,50,0,0
1040,50,0,0
1041,50,0,0
1042,50,0,0
1043,50,0,0
1044,50,0,0
1045,50,0,0
1046,50,0,0
1047,50,0,0
1048,50,0,0
1049,50,0,0
1050,50,0,0
1051,50,0,0
1053,50,0,0
1054,50,0,0
1055,50,0,0
1056,50,0,0
1057,50,0,0
1058,50,0,0
1060,50,0,0
1003,51,0,0
1004,51,0,0
1006,51,0,0
1007,51,0,0
1008,51,0,0
1009,51,0,0
1010,51,0,0
1011,51,0,0
1013,51,0,0
1014,51,0,0
1015,51,0,0
1016,51,0,0
1017,51,0,0
1019,51,0,0
1020,51,0,0
1022,51,0,0
1023,51,0,0
1024,51,0,0
1025,51,0,0
1027,51,0,0
1029,51,0,0
1030,51,0,0
1031,51,0,0
1032,51,0,0
1033,51,0,0
1034,51,0,0
1035,51,0,0
1036,51,0,0
1037,51,0,0
1039,51,0,0
1040,51,0,0
1041,51,0,0
1042,51,0,0
1043,51,0,0
1044,51,0,0
1045,51,0,0
1046,51,0,0
1047,51,0,0
1048,51,0,0
1049,51,0,0
1050,51,0,0
1051,51,0,0
1053,51,0,0
1054,51,0,0
1055,51,0,0
1056,51,0,0
1057,51,0,0
1058,51,0,0
1060,51,0,0
1003,52,0,0
1004,52,0,0
1006,52,0,0
1007,52,0,0
1008,52,0,0
1009,52,0,0
1010,52,0,0
1011,52,0,0
1013,52,0,0
1014,52,0,0
1015,52,0,0
1016,52,0,0
1017,52,0,0
1019,52,0,0
1020,52,0,0
1022,52,0,0
1023,52,0,0
1024,52,0,0
1025,52,0,0
1027,52,0,0
1029,52,0,0
1030,52,0,0
1031,52,0,0
1032,52,0,0
1033,52,0,0
1034,52,0,0
1035,52,0,0
1036,52,0,0
1037,52,0,0
1039,52,0,0
1040,52,0,0
1041,52,0,0
1042,52,0,0
1043,52,0,0
1044,52,0,0
1045,52,0,0
1046,52,0,0
1047,52,0,0
1048,52,0,0
1049,52,0,0
1050,52,0,0
1051,52,0,0
1053,52,0,0
1054,52,0,0
1055,52,0,0
1056,52,0,0
1057,52,0,0
1058,52,0,0
1060,52,0,0
1003,53,0,0
1004,53,0,0
1006,53,0,0
1007,53,0,0
1008,53,0,0
1009,53,0,0
1010,53,0,0
1011,53,0,0
1013,53,0,0
1014,53,0,0
1015,53,0,0
1016,53,0,0
1017,53,0,0
1019,53,0,0
1020,53,0,0
1022,53,0,0
1023,53,0,0
1024,53,0,0
1025,53,0,0
1027,53,0,0
1029,53,0,0
1030,53,0,0
1031,53,0,0
1032,53,0,0
1033,53,0,0
1034,53,0,0
1035,53,0,0
1036,53,0,0
1037,53,0,0
1039,53,0,0
1040,53,0,0
1041,53,0,0
1042,53,0,0
1043,53,0,0
1044,53,0,0
1045,53,0,0
1046,53,0,0
1047,53,0,0
1048,53,0,0
1049,53,0,0
1050,53,0,0
1051,53,0,0
1053,53,0,0
1054,53,0,0
1055,53,3.2225e-05,3.2225e-05
1056,53,0,0
1057,53,0,0
1058,53,0,0
1060,53,0,0
1003,54,0.0003171,0.0003171
1004,54,0,0
1006,54,0,0
1007,54,0,0
1008,54,0,0
1009,54,0,0
1010,54,0.020822,0.0081606
1011,54,0,0
1013,54,0,0
1014,54,0,0
1015,54,0.092507,0.016004
1016,54,0,0
1017,54,0,0
1019,54,0,0
1020,54,0,0
1022,54,0,0
1023,54,0,0
1024,54,0,0
1025,54,0,0
1027,54,0,0
1029,54,0,0
1030,54,0,0
1031,54,0,0
1032,54,0,0
1033,54,0,0
1034,54,0,0
1035,54,0,0
1036,54,0,0
1037,54,0.018011,0.018011
1039,54,0,0
1040,54,0,0
1041,54,0,0
1042,54,0,0
1043,54,0,0
1044,54,0,0
1045,54,0,0
1046,54,0,0
1047,54,3.171e-05,3.171e-05
1048,54,0,0
1049,54,0,0
1050,54,0,0
1051,54,0,0
1053,54,0,0
1054,54,0,0
1055,54,0,0
1056,54,0,0
1057,54,0,0
1058,54,0,0
1060,54,0,0
1003,55,0,0
1004,55,0,0
1006,55,0,0
1007,55,0,0
1008,55,0,0
1009,55,0,0
1010,55,0,0
1011,55,0,0
1013,55,0,0
1014,55,0,0
1015,55,2.1623e-05,2.1623e-05
1016,55,0,0
1017,55,0,0
1019,55,0,0
1020,55,0,0
1022,55,0,0
1023,55,0,0
1024,55,0,0
1025,55,0,0
1027,55,0,0
1029,55,0,0
1030,55,0,0
1031,55,0,0
1032,55,0,0
1033,55,0,0
1034,55,0,0
1035,55,0,0
1036,55,0,0
1037,55,0,0
1039,55,0,0
1040,55,0,0
1041,55,0,0
1042,55,0,0
1043,55,0,0
1044,55,0,0
1045,55,0,0
1046,55,0,0
1047,55,0,0
1048,55,0,0
1049,55,0,0
1050,55,0,0
1051,55,0,0
1053,55,0,0
1054,55,0,0
1055,55,1.4957e-05,1.4957e-05
1056,55,0,0
1057,55,0,0
1058,55,0,0
1060,55,0,0
1003,56,0.00022681,6.0139e-05
1004,56,5.6472e-05,9.1663e-07
1006,56,0,0
1007,56,0,0
1008,56,0,0
1009,56,0,0
1010,56,0,0
1011,56,5.6472e-05,9.1663e-07
1013,56,0,0
1014,56,8.425e-05,2.6861e-05
1015,56,2.8694e-05,2.8694e-05
1016,56,2.7778e-05,2.7778e-05
1017,56,0,0
1019,56,0.00025183,0.00013706
1020,56,0,0
1022,56,0,0
1023,56,0,0
1024,56,0,0
1025,56,0,0
1027,56,2.7778e-05,2.7778e-05
1029,56,0,0
1030,56,0,0
1031,56,0.00011203,5.4639e-05
1032,56,0,0
1033,56,0,0
1034,56,0,0
1035,56,2.7778e-05,2.7778e-05
1036,56,8.425e-05,2.6861e-05
1037,56,0,0
1039,56,0,0
1040,56,0.00025183,0.00013706
1041,56,0,0
1042,56,0,0
1043,56,0,0
1044,56,0,0
1045,56,5.6472e-05,9.1663e-07
1046,56,0,0
1047,56,5.6472e-05,9.1663e-07
1048,56,0,0
1049,56,0.00016667,0.00016667
1050,56,0,0
1051,56,0,0
1053,56,2.7778e-05,2.7778e-05
1054,56,0,0
1055,56,0.00016667,0.00016667
1056,56,0,0
1057,56,0,0
1058,56,0,0
1060,56,0.00013981,8.2417e-05
1003,57,1.5538e-05,1.5538e-05
1004,57,0,0
1006,57,0,0
1007,57,0,0
1008,57,0,0
1009,57,0,0
1010,57,0,0
1011,57,0,0
1013,57,0,0
1014,57,0,0
1015,57,0,0
1016,57,0,0
1017,57,0,0
1019,57,0,0
1020,57,0,0
1022,57,0,0
1023,57,0,0
1024,57,0,0
1025,57,0,0
1027,57,0,0
1029,57,0,0
1030,57,0,0
1031,57,0,0
1032,57,0,0
1033,57,0,0
1034,57,1.5538e-05,1.5538e-05
1035,57,0,0
1036,57,0,0
1037,57,0,0
1039,57,0,0
1040,57,0,0
1041,57,0,0
1042,57,0,0
1043,57,0,0
1044,57,0,0
1045,57,0,0
1046,57,0,0
1047,57,0,0
1048,57,0,0
1049,57,0,0
1050,57,0,0
1051,57,0,0
1053,57,0,0
1054,57,0,0
1055,57,0,0
1056,57,0,0
1057,57,0,0
1058,57,0,0
1060,57,0,0
1003,58,0.01227,0.0022352
1004,58,0,0
1006,58,0,0
1007,58,0,0
1008,58,0,0
1009,58,0,0
1010,58,2.934e-05,2.934e-05
1011,58,0,0
1013,58,0,0
1014,58,0.00010935,2.1326e-05
1015,58,0.010657,0.0090889
1016,58,0,0
1017,58,0,0
1019,58,0,0
1020,58,0,0
1022,58,0,0
1023,58,0,0
1024,58,0,0
1025,58,0,0
1027,58,0,0
1029,58,0,0
1030,58,0,0
1031,58,0,0
1032,58,0,0
1033,58,0,0
1034,58,0,0
1035,58,2.1779e-05,2.1779e-05
1036,58,0,0
1037,58,0.0011003,0.0011003
1039,58,0,0
1040,58,0,0
1041,58,0,0
1042,58,0,0
1043,58,0,0
1044,58,0,0
1045,58,0,0
1046,58,0,0
1047,58,0.00025424,0.0002249
1048,58,0,0
1049,58,2.1779e-05,2.1779e-05
1050,58,0,0
1051,58,0,0
1053,58,0,0
1054,58,2.1779e-05,2.1779e-05
1055,58,0,0
1056,58,0,0
1057,58,0,0
1058,58,0,0
1060,58,0,0
1003,59,0,0
1004,59,0,0
1006,59,0,0
1007,59,0,0
1008,59,0,0
1009,59,0,0
1010,59,0,0
1011,59,0,0
1013,59,0,0
1014,59,0,0
1015,59,0,0
1016,59,0,0
1017,59,0,0
1019,59,0,0
1020,59,0,0
1022,59,0,0
1023,59,0,0
1024,59,0,0
1025,59,0,0
1027,59,0,0
1029,59,0,0
1030,59,0,0
1031,59,0,0
1032,59,0,0
1033,59,0,0
1034,59,0,0
1035,59,0,0
1036,59,0,0
1037,59,0,0
1039,59,0,0
1040,59,0,0
1041,59,0,0
1042,59,0,0
1043,59,0,0
1044,59,0,0
1045,59,0,0
1046,59,0,0
1047,59,0,0
1048,59,0,0
1049,59,0,0
1050,59,0,0
1051,59,0,0
1053,59,0,0
1054,59,0,0
1055,59,0.0011716,0.00044252
1056,59,0,0
1057,59,0,0
1058,59,0,0
1060,59,0,0
1003,60,0,0
1004,60,0,0
1006,60,0,0
1007,60,0,0
1008,60,0,0
1009,60,0,0
1010,60,0,0
1011,60,0,0
1013,60,0,0
1014,60,0,0
1015,60,0,0
1016,60,0,0
1017,60,0,0
1019,60,0,0
1020,60,0,0
1022,60,0,0
1023,60,0,0
1024,60,0,0
1025,60,0,0
1027,60,0,0
1029,60,0,0
1030,60,0,0
1031,60,0,0
1032,60,0,0
1033,60,0,0
1034,60,0,0
1035,60,0,0
1036,60,0,0
1037,60,0,0
1039,60,0,0
1040,60,0,0
1041,60,0,0
1042,60,0,0
1043,60,0,0
1044,60,0,0
1045,60,0,0
1046,60,0,0
1047,60,0,0
1048,60,0,0
1049,60,0,0
1050,60,0,0
1051,60,0,0
1053,60,0,0
1054,60,0,0
1055,60,0,0
1056,60,0,0
1057,60,0,0
1058,60,0,0
1060,60,0,0
1003,61,0,0
1004,61,0,0
1006,61,0,0
1007,61,0,0
1008,61,0,0
1009,61,0,0
1010,61,0,0
1011,61,0,0
1013,61,0,0
1014,61,0,0
1015,61,0,0
1016,61,0,0
1017,61,0,0
1019,61,0,0
1020,61,0,0
1022,61,0,0
1023,61,0,0
1024,61,0,0
1025,61,0,0
1027,61,0,0
1029,61,0,0
1030,61,0,0
1031,61,0,0
1032,61,0,0
1033,61,0,0
1034,61,0,0
1035,61,0,0
1036,61,0,0
1037,61,0,0
1039,61,0,0
1040,61,0,0
1041,61,0,0
1042,61,0,0
1043,61,0,0
1044,61,0,0
1045,61,1.5611e-05,1.5611e-05
1046,61,0,0
1047,61,0,0
1048,61,0,0
1049,61,1.5611e-05,1.5611e-05
1050,61,0,0
1051,61,0,0
1053,61,0,0
1054,61,0,0
1055,61,3.1222e-05,3.1222e-05
1056,61,0,0
1057,61,0,0
1058,61,0,0
1060,61,0,0
1003,62,0.00037998,0.00037998
1004,62,0,0
1006,62,0,0
1007,62,0,0
1008,62,0,0
1009,62,0,0
1010,62,0.0079952,0.0028197
1011,62,0,0
1013,62,0,0
1014,62,0,0
1015,62,0.0039093,0.0010012
1016,62,0,0
1017,62,0,0
1019,62,0,0
1020,62,0,0
1022,62,0,0
1023,62,0,0
1024,62,0,0
1025,62,0,0
1027,62,0,0
1029,62,0,0
1030,62,0,0
1031,62,0,0
1032,62,0,0
1033,62,0,0
1034,62,0,0
1035,62,0,0
1036,62,0,0
1037,62,0,0
1039,62,0,0
1040,62,0,0
1041,62,0,0
1042,62,0,0
1043,62,0,0
1044,62,0,0
1045,62,0,0
1046,62,0,0
1047,62,0,0
1048,62,0,0
1049,62,0,0
1050,62,0,0
1051,62,0,0
1053,62,0,0
1054,62,0,0
1055,62,0,0
1056,62,0,0
1057,62,0,0
1058,62,0,0
1060,62,0,0
1003,63,0,0
1004,63,0,0
1006,63,0,0
1007,63,0,0
1008,63,0,0
1009,63,0,0
1010,63,0,0
1011,63,0,0
1013,63,0,0
1014,63,0,0
1015,63,0.0001613,6.6582e-05
1016,63,0,0
1017,63,0,0
1019,63,0,0
1020,63,0,0
1022,63,0,0
1023,63,0,0
1024,63,0,0
1025,63,0,0
1027,63,0,0
1029,63,0,0
1030,63,0,0
1031,63,0,0
1032,63,0,0
1033,63,0,0
1034,63,0,0
1035,63,0,0
1036,63,0,0
1037,63,0,0
1039,63,0,0
1040,63,0,0
1041,63,0,0
1042,63,0,0
1043,63,0,0
1044,63,0,0
1045,63,0,0
1046,63,0,0
1047,63,0,0
1048,63,0,0
1049,63,0,0
1050,63,0,0
1051,63,0,0
1053,63,0,0
1054,63,0,0
1055,63,0,0
1056,63,0,0
1057,63,0,0
1058,63,0,0
1060,63,0,0
1003,64,0,0
1004,64,0,0
1006,64,0,0
1007,64,0,0
1008,64,0,0
1009,64,0,0
1010,64,0,0
1011,64,0,0
1013,64,0,0
1014,64,0,0
1015,64,0.00017635,8.7747e-05
1016,64,0,0
1017,64,0,0
1019,64,0,0
1020,64,0,0
1022,64,0,0
1023,64,0,0
1024,64,0,0
1025,64,0,0
1027,64,0,0
1029,64,0,0
1030,64,0,0
1031,64,0,0
1032,64,0,0
1033,64,0,0
1034,64,0,0
1035,64,0,0
1036,64,0,0
1037,64,0,0
1039,64,0,0
1040,64,0,0
1041,64,0,0
1042,64,0,0
1043,64,0,0
1044,64,0,0
1045,64,0,0
1046,64,0,0
1047,64,0,0
1048,64,0,0
1049,64,0,0
1050,64,0,0
1051,64,0,0
1053,64,0,0
1054,64,0,0
1055,64,0,0
1056,64,0,0
1057,64,0,0
1058,64,0,0
1060,64,0,0
1003,65,0,0
1004,65,0,0
1006,65,0,0
1007,65,0,0
1008,65,0,0
1009,65,0,0
1010,65,0,0
1011,65,0,0
1013,65,0,0
1014,65,0,0
1015,65,0,0
1016,65,0,0
1017,65,0,0
1019,65,0,0
1020,65,0,0
1022,65,0,0
1023,65,0,0
1024,65,0,0
1025,65,0,0
1027,65,0,0
1029,65,0,0
1030,65,0,0
1031,65,0,0
1032,65,0,0
1033,65,0,0
1034,65,0,0
1035,65,0,0
1036,65,0,0
1037,65,0,0
1039,65,0,0
1040,65,0,0
1041,65,0,0
1042,65,0,0
1043,65,0,0
1044,65,0,0
1045,65,0,0
1046,65,0,0
1047,65,0,0
1048,65,0,0
1049,65,0,0
1050,65,0,0
1051,65,0,0
1053,65,0,0
1054,65,0,0
1055,65,0,0
1056,65,0,0
1057,65,0,0
1058,65,0,0
1060,65,0,0
1003,66,0,0
1004,66,0,0
1006,66,0,0
1007,66,0,0
1008,66,0,0
1009,66,0,0
1010,66,0,0
1011,66,0,0
1013,66,0,0
1014,66,0,0
1015,66,0,0
1016,66,0,0
1017,66,0,0
1019,66,0,0
1020,66,0,0
1022,66,0,0
1023,66,0,0
1024,66,0,0
1025,66,0,0
1027,66,0,0
1029,66,0,0
1030,66,0,0
1031,66,0,0
1032,66,0,0
1033,66,0,0
1034,66,0,0
1035,66,0,0
1036,66,0,0
1037,66,0,0
1039,66,0,0
1040,66,0,0
1041,66,0,0
1042,66,0,0
1043,66,0,0
1044,66,0,0
1045,66,0,0
1046,66,0,0
1047,66,0,0
1048,66,0,0
1049,66,0,0
1050,66,0,0
1051,66,0,0
1053,66,0,0
1054,66,0,0
1055,66,0,0
1056,66,0,0
1057,66,0,0
1058,66,0,0
1060,66,0,0
1003,67,0,0
1004,67,0,0
1006,67,0,0
1007,67,0,0
1008,67,0,0
1009,67,0,0
1010,67,0,0
1011,67,0,0
1013,67,0,0
1014,67,0,0
1015,67,0,0
1016,67,0,0
1017,67,0,0
1019,67,0,0
1020,67,0,0
1022,67,0,0
1023,67,0,0
1024,67,0,0
1025,67,0,0
1027,67,0,0
1029,67,0,0
1030,67,0,0
1031,67,0,0
1032,67,0,0
1033,67,0,0
1034,67,0,0
1035,67,0,0
1036,67,0,0
1037,67,0,0
1039,67,0,0
1040,67,0,0
1041,67,0,0
1042,67,0,0
1043,67,0,0
1044,67,0,0
1045,67,0,0
1046,67,0,0
1047,67,0,0
1048,67,0,0
1049,67,0,0
1050,67,0,0
1051,67,0,0
1053,67,0,0
1054,67,0,0
1055,67,0,0
1056,67,0,0
1057,67,0,0
1058,67,0,0
1060,67,0,0
1003,68,0,0
1004,68,0,0
1006,68,0,0
1007,68,0,0
1008,68,0,0
1009,68,0,0
1010,68,0,0
1011,68,0,0
1013,68,0,0
1014,68,0,0
1015,68,0.00010195,6.9084e-05
1016,68,0,0
1017,68,0,0
1019,68,2.8649e-05,4.2157e-06
1020,68,0,0
1022,68,0,0
1023,68,0,0
1024,68,0,0
1025,68,0,0
1027,68,0,0
1029,68,0,0
1030,68,0,0
1031,68,0,0
1032,68,0,0
1033,68,0,0
1034,68,0,0
1035,68,0,0
1036,68,0,0
1037,68,0,0
1039,68,0,0
1040,68,0,0
1041,68,0,0
1042,68,0,0
1043,68,0,0
1044,68,0,0
1045,68,0,0
1046,68,0,0
1047,68,0,0
1048,68,0,0
1049,68,0,0
1050,68,0,0
1051,68,0,0
1053,68,0,0
1054,68,1.2217e-05,1.2217e-05
1055,68,6.5299e-05,3.2434e-05
1056,68,0,0
1057,68,0,0
1058,68,0,0
1060,68,0,0
1003,69,0.1269,0.0040344
1004,69,0,0
1006,69,0,0
1007,69,0,0
1008,69,0,0
1009,69,0,0
1010,69,1.3849e-05,1.3849e-05
1011,69,0,0
1013,69,0.00018763,7.6839e-05
1014,69,0.00015319,0.0001238
1015,69,0.031779,0.0092984
1016,69,0,0
1017,69,0,0
1019,69,0,0
1020,69,0.00036142,0.00016753
1022,69,0,0
1023,69,0,0
1024,69,0,0
1025,69,0,0
1027,69,0,0
1029,69,0,0
1030,69,1.3849e-05,1.3849e-05
1031,69,0,0
1032,69,0,0
1033,69,0,0
1034,69,0,0
1035,69,1.4693e-05,1.4693e-05
1036,69,0,0
1037,69,0.13125,0.023668
1039,69,0,0
1040,69,0,0
1041,69,0,0
1042,69,7.1777e-05,1.638e-05
1043,69,0,0
1044,69,1.3849e-05,1.3849e-05
1045,69,0,0
1046,69,0,0
1047,69,0.0027358,6.172e-05
1048,69,0.0078214,0.0060487
1049,69,0,0
1050,69,0,0
1051,69,0,0
1053,69,0,0
1054,69,0.00037442,0.00012514
1055,69,0.000392,0.00024507
1056,69,4.1548e-05,4.1548e-05
1057,69,0.00039418,0.00031108
1058,69,0,0
1060,69,0,0
1003,70,0.30084,0.011885
1004,70,0.0051403,0.0022414
1006,70,0.00083308,0.00019771
1007,70,0.0057714,0.00018521
1008,70,0.044419,0.0047831
1009,70,0.00057676,0.00017775
1010,70,0.00085712,0.00053943
1011,70,0.0027666,2.6529e-05
1013,70,0.0018333,0.00046996
1014,70,0.0098982,0.0026708
1015,70,0.0019935,3.1714e-05
1016,70,0.093682,0.0060318
1017,70,0.0045344,0.0013178
1019,70,0.0020726,0.0011195
1020,70,0.00082149,0.00048897
1022,70,0,0
1023,70,0.00013301,0.00013301
1024,70,0.0062255,0.0010233
1025,70,0.052254,0.0031423
1027,70,0.11414,0.0072997
1029,70,0.038664,0.0033506
1030,70,0.00028862,1.0643e-05
1031,70,0.041476,0.013445
1032,70,0.064601,0.001756
1033,70,0.0022424,1.8639e-05
1034,70,0.088046,0.0089815
1035,70,0.0064007,0.0035415
1036,70,0.033951,0.0081785
1037,70,0.23329,0.031061
1039,70,0.022585,0.0032664
1040,70,0.052944,0.0060265
1041,70,0.013654,0.002349
1042,70,0.00010621,2.6792e-05
1043,70,0,0
1044,70,0,0
1045,70,0.016647,0.00078611
1046,70,0.0009735,0.00065581
1047,70,0.23158,0.01701
1048,70,0.009534,0.0011879
1049,70,0.006349,0.0013946
1050,70,0.0015327,6.338e-05
1051,70,0.0046255,0.0035947
1053,70,0.015872,0.0081684
1054,70,0.082263,0.0052199
1055,70,0.23088,0.013021
1056,70,0,0
1057,70,0.0029596,0.000299
1058,70,0.030786,0.010037
1060,70,0.0062082,0.00062203
1003,71,0.014919,0.0056651
1004,71,0.012882,0.0045371
1006,71,0.0018578,0.00039739
1007,71,0.0012674,1.568e-05
1008,71,0.071309,0.020763
1009,71,0.00025162,9.6089e-05
1010,71,0.00087149,0.00017162
1011,71,0.0092832,0.00024285
1013,71,0.00010842,3.0659e-05
1014,71,0.020666,0.0033252
1015,71,0,0
1016,71,0.17364,0.019823
1017,71,0.010444,0.0003348
1019,71,0.017774,0.0096377
1020,71,0,0
1022,71,0,0
1023,71,0,0
1024,71,0.012476,0.00011126
1025,71,0.023911,0.0057139
1027,71,0.19966,0.028852
1029,71,0.017989,0.0092016
1030,71,0,0
1031,71,0.20954,0.012992
1032,71,0.02483,0.0030561
1033,71,0.0010719,0.00052755
1034,71,0.013727,0.0032259
1035,71,0.013147,0.0027163
1036,71,0.063494,0.0042386
1037,71,0.0033192,0.00071415
1039,71,0.0092619,0.0027687
1040,71,0.13664,0.014124
1041,71,0.0026892,0.00016193
1042,71,0,0
1043,71,0,0
1044,71,0,0
1045,71,0.064018,0.012616
1046,71,0.0012532,0.00041871
1047,71,0.0082162,0.00012876
1048,71,0.0019759,0.0014316
1049,71,0.041959,0.010892
1050,71,0.004596,0.00020235
1051,71,0.0013919,0.001042
1053,71,0.018745,0.0030288
1054,71,0.15747,0.0099145
1055,71,0.60589,0.004286
1056,71,0,0
1057,71,0.00017796,0.0001002
1058,71,0.00060155,0.00025385
1060,71,0.034672,0.0049664
1003,72,0.082814,0.0011839
1004,72,0.0080523,0.00087059
1006,72,0.0026111,0.00041092
1007,72,0.00074667,3.561e-05
1008,72,0.20186,0.018493
1009,72,0.00032221,0.00017553
1010,72,0.00053335,0.00024893
1011,72,0.0064644,0.0010373
1013,72,0,0
1014,72,0.0092499,0.0014515
1015,72,0,0
1016,72,0.24069,0.011447
1017,72,0.0027878,0.00012132
1019,72,0.0016779,0.001109
1020,72,0,0
1022,72,0,0
1023,72,4.8893e-05,4.8893e-05
1024,72,0.011771,0.00089198
1025,72,0.047913,0.0030091
1027,72,0.16089,0.028537
1029,72,0.024131,0.0029062
1030,72,0,0
1031,72,0.18788,0.0013318
1032,72,0.040773,0.0022459
1033,72,0.021431,0.012166
1034,72,0.0011589,0.00015658
1035,72,0.0062712,0.0016494
1036,72,0.054848,0.0075629
1037,72,0.011088,0.0016759
1039,72,0.015806,0.00086884
1040,72,0.20112,0.010923
1041,72,0.0023366,0.00064983
1042,72,0,0
1043,72,0,0
1044,72,0,0
1045,72,0.073046,0.013739
1046,72,0.00054669,0.00033337
1047,72,0.0094799,0.00097264
1048,72,0.0036823,0.00037583
1049,72,0.028046,0.0077557
1050,72,0.0080021,0.0023794
1051,72,0.072898,0.015131
1053,72,0.0097536,0.0038874
1054,72,0.32756,0.00098376
1055,72,0.7991,0.029894
1056,72,0,0
1057,72,0.0044011,0.00017032
1058,72,7.8892e-05,4.3339e-05
1060,72,0.020229,0.0043385
1003,73,0.028632,0.0015115
1004,73,0.002172,0.0017078
1006,73,0.00053053,6.6368e-05
1007,73,0.0012766,0.00021565
1008,73,0.023393,0.0002132
1009,73,0.00082896,0.00016587
1010,73,0.00017409,0.00017409
1011,73,0.0015668,0.00097002
1013,73,0.00090347,0.00075425
1014,73,0.0019149,0.00032348
1015,73,3.3154e-05,3.3154e-05
1016,73,0.19244,0.0035919
1017,73,0.00090363,0.00083732
1019,73,0.00053055,0.00026531
1020,73,0.00019893,0.00019893
1022,73,0,0
1023,73,0,0
1024,73,0.0023461,0.0018819
1025,73,0.049688,0.010897
1027,73,0.15124,0.0015154
1029,73,0.0053885,0.0040623
1030,73,5.8025e-05,8.2836e-06
1031,73,0.13067,0.0036758
1032,73,0.11511,0.0028484
1033,73,0.0018899,0.00089507
1034,73,0.0096075,0.0005895
1035,73,0.0015751,0.0011109
1036,73,0.041829,0.0046296
1037,73,0.0040535,0.00052183
1039,73,0.028574,0.0021166
1040,73,0.090297,0.004162
1041,73,0.0052141,0.00030723
1042,73,0,0
1043,73,0,0
1044,73,0,0
1045,73,0.014349,0.00096843
1046,73,7.4612e-05,7.4612e-05
1047,73,0.0063992,0.002022
1048,73,0.00034817,0.00014924
1049,73,0.0048905,0.0028013
1050,73,0.0008455,0.00014913
1051,73,0.005073,0.00089475
1053,73,0.0023047,0.0021721
1054,73,0.33481,0.0037304
1055,73,0.69641,0.023763
1056,73,0,0
1057,73,0.00010777,4.1458e-05
1058,73,0.00048081,0.00021557
1060,73,0.0095492,0.0015906
1003,74,0.66558,0.037156
1004,74,0.00014031,1.6022e-05
1006,74,1.9541e-05,1.9541e-05
1007,74,0.00012077,3.5192e-06
1008,74,0.056563,0.0037414
1009,74,6.2143e-05,6.2143e-05
1010,74,0,0
1011,74,4.1428e-05,4.1428e-05
1013,74,0.00049909,0.00012623
1014,74,0.0022351,0.0012823
1015,74,0.0010439,0.00075389
1016,74,0.0047654,0.00066174
1017,74,0.00014031,1.6022e-05
1019,74,0,0
1020,74,8.0511e-05,2.3461e-06
1022,74,0,0
1023,74,3.9082e-05,3.9082e-05
1024,74,0.00018291,6.5662e-05
1025,74,0.0038716,0.0024255
1027,74,0.0011057,0.00067576
1029,74,0.0050929,0.00016852
1030,74,2.0714e-05,2.0714e-05
1031,74,0.00016337,8.5203e-05
1032,74,0.0036965,0.0019378
1033,74,0.0011361,0.00034899
1034,74,0.00011959,3.6736e-05
1035,74,0.00038184,8.9837e-06
1036,74,0.0013101,9.8507e-05
1037,74,0.44523,0.02606
1039,74,0.0011115,0.00087704
1040,74,0.0028902,0.00019733
1041,74,0.00024388,8.7549e-05
1042,74,0,0
1043,74,0,0
1044,74,0,0
1045,74,0.00060383,1.7596e-05
1046,74,1.9541e-05,1.9541e-05
1047,74,0.26673,0.01451
1048,74,0.018335,0.0043325
1049,74,0.0014488,0.00066165
1050,74,6.097e-05,2.1887e-05
1051,74,0.025457,0.0033361
1053,74,0.0046251,0.0013936
1054,74,0.041305,0.0061307
1055,74,0.12422,0.0069382
1056,74,0,0
1057,74,0.12114,0.0057611
1058,74,8.1684e-05,4.2602e-05
1060,74,4.0255e-05,1.1731e-06
1003,75,0.21433,0.084119
1004,75,7.8746e-05,7.8746e-05
1006,75,0,0
1007,75,3.9373e-05,3.9373e-05
1008,75,0.026738,0.0040522
1009,75,0,0
1010,75,0,0
1011,75,3.9373e-05,3.9373e-05
1013,75,0.00052636,0.00021137
1014,75,3.9373e-05,3.9373e-05
1015,75,0,0
1016,75,0.031398,0.007975
1017,75,0,0
1019,75,0,0
1020,75,8.5482e-05,6.7353e-06
1022,75,0,0
1023,75,0,0
1024,75,3.9373e-05,3.9373e-05
1025,75,0.00053879,0.00016992
1027,75,0.0017019,0.00050304
1029,75,7.8746e-05,7.8746e-05
1030,75,3.9373e-05,3.9373e-05
1031,75,0.0021013,0.0013636
1032,75,0.0031955,0.00012435
1033,75,8.5482e-05,6.7353e-06
1034,75,0.00040047,0.00030825
1035,75,3.9373e-05,3.9373e-05
1036,75,0.00036109,0.00026888
1037,75,0.036717,0.028879
1039,75,0.00045331,0.00017666
1040,75,0.025009,0.0031173
1041,75,0.00012485,3.2638e-05
1042,75,0,0
1043,75,0,0
1044,75,0,0
1045,75,0.00016423,7.2011e-05
1046,75,0,0
1047,75,0.042687,0.0043247
1048,75,0.00031499,0.00031499
1049,75,7.8746e-05,7.8746e-05
1050,75,0,0
1051,75,0.016795,0.0051755
1053,75,0.00011812,0.00011812
1054,75,0.15341,0.023089
1055,75,0.15269,0.014177
1056,75,0,0
1057,75,0.019205,0.013396
1058,75,8.5482e-05,6.7353e-06
1060,75,3.9373e-05,3.9373e-05
1003,76,0,0
1004,76,0,0
1006,76,0,0
1007,76,0,0
1008,76,0.001015,0.00017559
1009,76,0,0
1010,76,0,0
1011,76,0,0
1013,76,4.2521e-05,4.2521e-05
1014,76,0,0
1015,76,0,0
1016,76,8.5041e-05,8.5041e-05
1017,76,0,0
1019,76,0,0
1020,76,4.2521e-05,4.2521e-05
1022,76,0,0
1023,76,0,0
1024,76,0,0
1025,76,0,0
1027,76,0.00015499,1.5092e-05
1029,76,0,0
1030,76,0,0
1031,76,0.00019751,5.7612e-05
1032,76,0,0
1033,76,0,0
1034,76,0.00046497,4.5275e-05
1035,76,0,0
1036,76,0.00025512,0.00025512
1037,76,4.2521e-05,4.2521e-05
1039,76,0,0
1040,76,0.00042245,2.7542e-06
1041,76,0,0
1042,76,0,0
1043,76,0,0
1044,76,0,0
1045,76,0,0
1046,76,0,0
1047,76,0.00028255,0.00014265
1048,76,0,0
1049,76,0,0
1050,76,0,0
1051,76,0,0
1053,76,0,0
1054,76,0.13863,0.042936
1055,76,0.077748,0.0073785
1056,76,0,0
1057,76,0,0
1058,76,0,0
1060,76,6.995e-05,6.995e-05
1003,77,0.23028,0.003723
1004,77,0.00026448,9.2667e-05
1006,77,6.8724e-05,6.8724e-05
1007,77,0.0032011,0.00044131
1008,77,0.014102,0.00043313
1009,77,0.00023769,0.00014029
1010,77,6.4935e-05,6.4935e-05
1011,77,0.00020144,3.9098e-05
1013,77,0.008744,0.0010492
1014,77,0.00066451,0.00011472
1015,77,0.0017013,5.1938e-05
1016,77,0.012156,0.0036166
1017,77,0.00015084,2.097e-05
1019,77,3.3415e-05,9.4718e-07
1020,77,0.0031018,0.00047188
1022,77,0,0
1023,77,0,0
1024,77,0.00033225,5.7358e-05
1025,77,0.015359,0.0041581
1027,77,0.015021,0.0051836
1029,77,0.0031134,0.00029571
1030,77,0.0081913,0.00039913
1031,77,0.0058565,0.002837
1032,77,0.041685,0.011782
1033,77,0.00033036,0.00012419
1034,77,0.033587,0.0040738
1035,77,0.00023106,9.3614e-05
1036,77,0.001793,0.00034983
1037,77,0.1549,0.016878
1039,77,0.0091291,0.0034473
1040,77,0.0053899,0.0016886
1041,77,0.0071636,0.0024234
1042,77,0.0016077,0.00017912
1043,77,0,0
1044,77,1.6234e-05,1.6234e-05
1045,77,0.0013193,0.00060499
1046,77,4.9648e-05,1.5287e-05
1047,77,0.14552,0.0036075
1048,77,0.0022123,0.00087215
1049,77,0.00084105,0.00022417
1050,77,0.00010214,6.9671e-05
1051,77,0.0033166,0.0003945
1053,77,0.0010809,0.00073728
1054,77,0.11231,0.020295
1055,77,0.11438,0.013376
1056,77,1.6234e-05,1.6234e-05
1057,77,0.0020766,0.00035848
1058,77,0.043473,0.0047714
1060,77,0.0006062,0.00018412
1003,78,1.2432e-05,1.2432e-05
1004,78,0,0
1006,78,0,0
1007,78,0,0
1008,78,0,0
1009,78,0,0
1010,78,0,0
1011,78,0,0
1013,78,0.00019562,5.3024e-05
1014,78,0,0
1015,78,0.0068431,0.0028789
1016,78,0,0
1017,78,0,0
1019,78,0,0
1020,78,0.00013894,8.9213e-05
1022,78,1.426e-05,1.426e-05
1023,78,0,0
1024,78,0,0
1025,78,0,0
1027,78,0,0
1029,78,0,0
1030,78,2.6692e-05,1.8274e-06
1031,78,0,0
1032,78,0,0
1033,78,0,0
1034,78,0,0
1035,78,0,0
1036,78,0,0
1037,78,1.2432e-05,1.2432e-05
1039,78,0,0
1040,78,0,0
1041,78,0,0
1042,78,0.0001192,5.1227e-06
1043,78,0,0
1044,78,0,0
1045,78,0,0
1046,78,0,0
1047,78,0,0
1048,78,0,0
1049,78,0,0
1050,78,0,0
1051,78,0,0
1053,78,0,0
1054,78,0,0
1055,78,0,0
1056,78,1.426e-05,1.426e-05
1057,78,0,0
1058,78,6.7643e-05,1.7914e-05
1060,78,0,0
1003,79,0.0014349,0.0014349
1004,79,0,0
1006,79,0,0
1007,79,1.6306e-05,1.6306e-05
1008,79,0,0
1009,79,0,0
1010,79,0,0
1011,79,0,0
1013,79,0.0001078,2.2648e-05
1014,79,0,0
1015,79,0.00075731,0.00041671
1016,79,0,0
1017,79,0,0
1019,79,0,0
1020,79,4.8917e-05,4.8917e-05
1022,79,0,0
1023,79,0,0
1024,79,0,0
1025,79,0,0
1027,79,0,0
1029,79,0,0
1030,79,3.2612e-05,3.2612e-05
1031,79,0,0
1032,79,0,0
1033,79,0,0
1034,79,0.030088,0.010546
1035,79,0,0
1036,79,0,0
1037,79,0.0002935,0.0002935
1039,79,0,0
1040,79,0,0
1041,79,0,0
1042,79,2.1287e-05,2.1287e-05
1043,79,0,0
1044,79,0,0
1045,79,0,0
1046,79,0,0
1047,79,0.0016143,0.0016143
1048,79,0,0
1049,79,0,0
1050,79,0,0
1051,79,0,0
1053,79,0,0
1054,79,0,0
1055,79,4.8917e-05,4.8917e-05
1056,79,0,0
1057,79,0,0
1058,79,0.00056118,0.0003329
1060,79,0,0
1003,80,3.0139e-05,3.0139e-05
1004,80,0,0
1006,80,0,0
1007,80,0,0
1008,80,0,0
1009,80,0,0
1010,80,0,0
1011,80,0,0
1013,80,0,0
1014,80,0,0
1015,80,3.0139e-05,3.0139e-05
1016,80,3.0139e-05,3.0139e-05
1017,80,0,0
1019,80,0.00057263,0.00057263
1020,80,0,0
1022,80,0,0
1023,80,0,0
1024,80,0,0
1025,80,0,0
1027,80,6.0277e-05,6.0277e-05
1029,80,0,0
1030,80,0,0
1031,80,0.00024111,0.00024111
1032,80,0,0
1033,80,0,0
1034,80,9.0416e-05,9.0416e-05
1035,80,0,0
1036,80,0,0
1037,80,0,0
1039,80,0,0
1040,80,0,0
1041,80,0,0
1042,80,0,0
1043,80,0,0
1044,80,0,0
1045,80,3.0139e-05,3.0139e-05
1046,80,0,0
1047,80,3.0139e-05,3.0139e-05
1048,80,0,0
1049,80,6.0277e-05,6.0277e-05
1050,80,0,0
1051,80,0,0
1053,80,0,0
1054,80,3.0139e-05,3.0139e-05
1055,80,0.0015254,0.0014282
1056,80,0,0
1057,80,0,0
1058,80,0,0
1060,80,3.0139e-05,3.0139e-05
1003,81,0,0
1004,81,0,0
1006,81,0,0
1007,81,0,0
1008,81,0,0
1009,81,0,0
1010,81,0,0
1011,81,0,0
1013,81,0,0
1014,81,0,0
1015,81,3.5915e-05,3.5915e-05
1016,81,0,0
1017,81,0,0
1019,81,3.5915e-05,3.5915e-05
1020,81,0,0
1022,81,0,0
1023,81,0,0
1024,81,0,0
1025,81,0,0
1027,81,0,0
1029,81,0,0
1030,81,0,0
1031,81,0,0
1032,81,0,0
1033,81,0,0
1034,81,0,0
1035,81,0,0
1036,81,0,0
1037,81,0,0
1039,81,0,0
1040,81,0,0
1041,81,0,0
1042,81,0,0
1043,81,0,0
1044,81,0,0
1045,81,0,0
1046,81,0,0
1047,81,0,0
1048,81,0,0
1049,81,0,0
1050,81,0,0
1051,81,0,0
1053,81,0,0
1054,81,0,0
1055,81,7.183e-05,7.183e-05
1056,81,0,0
1057,81,0,0
1058,81,0,0
1060,81,0,0
1003,82,0,0
1004,82,0,0
1006,82,0,0
1007,82,0,0
1008,82,0,0
1009,82,0,0
1010,82,0,0
1011,82,0,0
1013,82,2.1794e-05,2.1794e-05
1014,82,0,0
1015,82,4.6678e-05,3.0902e-06
1016,82,0,0
1017,82,0,0
1019,82,0,0
1020,82,0,0
1022,82,0,0
1023,82,0,0
1024,82,0,0
1025,82,0,0
1027,82,0,0
1029,82,0,0
1030,82,0,0
1031,82,0,0
1032,82,0,0
1033,82,0,0
1034,82,2.1794e-05,2.1794e-05
1035,82,0,0
1036,82,0,0
1037,82,0,0
1039,82,0,0
1040,82,0,0
1041,82,0,0
1042,82,0,0
1043,82,0,0
1044,82,0,0
1045,82,0,0
1046,82,0,0
1047,82,0,0
1048,82,0,0
1049,82,0,0
1050,82,0,0
1051,82,0,0
1053,82,0,0
1054,82,0,0
1055,82,0,0
1056,82,0,0
1057,82,0,0
1058,82,0,0
1060,82,0,0
1003,83,1.9266e-05,1.9266e-05
1004,83,0,0
1006,83,0,0
1007,83,0,0
1008,83,0,0
1009,83,0,0
1010,83,0,0
1011,83,0,0
1013,83,7.7062e-05,7.7062e-05
1014,83,0,0
1015,83,0.00054294,0.00045887
1016,83,0,0
1017,83,0,0
1019,83,0,0
1020,83,3.8531e-05,3.8531e-05
1022,83,0,0
1023,83,0,0
1024,83,0,0
1025,83,0,0
1027,83,0,0
1029,83,0,0
1030,83,1.9266e-05,1.9266e-05
1031,83,0,0
1032,83,0,0
1033,83,0,0
1034,83,0,0
1035,83,0,0
1036,83,0,0
1037,83,1.9266e-05,1.9266e-05
1039,83,0,0
1040,83,0,0
1041,83,0,0
1042,83,0,0
1043,83,0,0
1044,83,0,0
1045,83,0,0
1046,83,0,0
1047,83,1.9266e-05,1.9266e-05
1048,83,0,0
1049,83,0,0
1050,83,0,0
1051,83,0,0
1053,83,0,0
1054,83,0,0
1055,83,0,0
1056,83,0,0
1057,83,0,0
1058,83,0,0
1060,83,0,0
1003,84,0,0
1004,84,0,0
1006,84,0,0
1007,84,0,0
1008,84,0,0
1009,84,0,0
1010,84,0,0
1011,84,0,0
1013,84,0,0
1014,84,0,0
1015,84,8.4638e-05,8.4638e-05
1016,84,0,0
1017,84,0,0
1019,84,0,0
1020,84,0,0
1022,84,0,0
1023,84,0,0
1024,84,0,0
1025,84,0,0
1027,84,0,0
1029,84,0,0
1030,84,0,0
1031,84,0,0
1032,84,0,0
1033,84,0,0
1034,84,4.2319e-05,4.2319e-05
1035,84,0,0
1036,84,0,0
1037,84,0,0
1039,84,0,0
1040,84,0,0
1041,84,0,0
1042,84,0,0
1043,84,0,0
1044,84,0,0
1045,84,0,0
1046,84,0,0
1047,84,0,0
1048,84,0,0
1049,84,0,0
1050,84,0,0
1051,84,0,0
1053,84,0,0
1054,84,0,0
1055,84,0,0
1056,84,0,0
1057,84,0,0
1058,84,0,0
1060,84,0,0
1003,85,0,0
1004,85,0,0
1006,85,0,0
1007,85,0,0
1008,85,0,0
1009,85,0,0
1010,85,0,0
1011,85,0,0
1013,85,0,0
1014,85,0,0
1015,85,0,0
1016,85,0,0
1017,85,0,0
1019,85,0,0
1020,85,0,0
1022,85,0,0
1023,85,0,0
1024,85,0,0
1025,85,0,0
1027,85,0,0
1029,85,0,0
1030,85,0,0
1031,85,0,0
1032,85,0,0
1033,85,0,0
1034,85,0,0
1035,85,0,0
1036,85,0,0
1037,85,0,0
1039,85,0,0
1040,85,0,0
1041,85,0,0
1042,85,0,0
1043,85,0,0
1044,85,0,0
1045,85,0,0
1046,85,0,0
1047,85,0,0
1048,85,0,0
1049,85,0,0
1050,85,0,0
1051,85,0,0
1053,85,0,0
1054,85,5.7432e-05,5.7432e-05
1055,85,0,0
1056,85,0,0
1057,85,0,0
1058,85,0,0
1060,85,0,0
1003,86,0.0003742,6.0232e-05
1004,86,0,0
1006,86,0,0
1007,86,0,0
1008,86,1.8102e-05,1.8102e-05
1009,86,1.8102e-05,1.8102e-05
1010,86,0,0
1011,86,0,0
1013,86,0.0053981,0.0001487
1014,86,0,0
1015,86,0.0028537,0.00035574
1016,86,1.8102e-05,1.8102e-05
1017,86,0,0
1019,86,0,0
1020,86,0.0017881,0.00033995
1022,86,0,0
1023,86,0,0
1024,86,0,0
1025,86,1.8102e-05,1.8102e-05
1027,86,0,0
1029,86,0,0
1030,86,0.005874,0.0006063
1031,86,0,0
1032,86,7.2406e-05,7.2406e-05
1033,86,0,0
1034,86,0.0016821,0.00030639
1035,86,0,0
1036,86,0,0
1037,86,0.00023334,0.00012869
1039,86,1.8102e-05,1.8102e-05
1040,86,0,0
1041,86,1.8102e-05,1.8102e-05
1042,86,0.0014432,0.00022217
1043,86,0,0
1044,86,1.7443e-05,1.7443e-05
1045,86,0,0
1046,86,0,0
1047,86,0.00088927,5.201e-05
1048,86,0,0
1049,86,0,0
1050,86,0,0
1051,86,0,0
1053,86,0,0
1054,86,0.00032056,4.1472e-05
1055,86,8.9849e-05,5.4963e-05
1056,86,6.9771e-05,6.9771e-05
1057,86,0,0
1058,86,0.014848,0.0011995
1060,86,0,0
